99 4851
1 2 838
1 3 229
1 4 981
1 5 468
1 6 515
1 7 859
1 8 190
1 9 151
1 10 61
1 11 196
1 12 919
1 13 352
1 14 812
1 15 623
1 16 1002
1 17 353
1 18 667
1 19 279
1 20 738
1 21 329
1 22 417
1 23 634
1 24 807
1 25 942
1 26 736
1 27 675
1 28 603
1 29 282
1 30 690
1 31 875
1 32 549
1 33 857
1 34 261
1 35 11
1 36 742
1 37 465
1 38 812
1 39 725
1 40 923
1 41 435
1 42 857
1 43 460
1 44 210
1 45 913
1 46 575
1 47 761
1 48 448
1 49 617
1 50 317
1 51 207
1 52 586
1 53 321
1 54 800
1 55 97
1 56 803
1 57 51
1 58 511
1 59 923
1 60 629
1 61 107
1 62 85
1 63 151
1 64 251
1 65 30
1 66 530
1 67 953
1 68 631
1 69 718
1 70 115
1 71 332
1 72 8
1 73 324
1 74 684
1 75 214
1 76 30
1 77 957
1 78 907
1 79 1001
1 80 321
1 81 695
1 82 695
1 83 812
1 84 494
1 85 869
1 86 1001
1 87 962
1 88 723
1 89 610
1 90 889
1 91 665
1 92 422
1 93 35
1 94 668
1 95 766
1 96 688
1 97 960
1 98 492
1 99 775
2 3 216
2 4 948
2 5 529
2 6 328
2 7 158
2 8 570
2 9 31
2 10 42
2 11 516
2 12 267
2 13 720
2 14 873
2 15 460
2 16 725
2 17 427
2 18 269
2 19 590
2 20 246
2 21 932
2 22 524
2 23 800
2 24 418
2 25 895
2 26 325
2 27 60
2 28 17
2 29 7
2 30 744
2 31 836
2 32 373
2 33 620
2 34 877
2 35 953
2 36 746
2 37 701
2 38 498
2 39 588
2 40 790
2 41 385
2 42 280
2 43 924
2 44 499
2 45 932
2 46 968
2 47 746
2 48 795
2 49 904
2 50 738
2 51 890
2 52 900
2 53 978
2 54 447
2 55 467
2 56 836
2 57 711
2 58 80
2 59 975
2 60 950
2 61 679
2 62 781
2 63 175
2 64 21
2 65 385
2 66 875
2 67 417
2 68 345
2 69 591
2 70 152
2 71 252
2 72 320
2 73 858
2 74 176
2 75 630
2 76 951
2 77 313
2 78 246
2 79 259
2 80 552
2 81 375
2 82 59
2 83 761
2 84 382
2 85 907
2 86 994
2 87 194
2 88 711
2 89 147
2 90 552
2 91 489
2 92 834
2 93 107
2 94 334
2 95 920
2 96 681
2 97 883
2 98 369
2 99 538
3 4 152
3 5 935
3 6 435
3 7 69
3 8 287
3 9 795
3 10 963
3 11 130
3 12 860
3 13 406
3 14 499
3 15 119
3 16 133
3 17 550
3 18 56
3 19 692
3 20 653
3 21 957
3 22 495
3 23 118
3 24 916
3 25 779
3 26 350
3 27 505
3 28 308
3 29 956
3 30 993
3 31 793
3 32 385
3 33 674
3 34 639
3 35 594
3 36 448
3 37 318
3 38 396
3 39 230
3 40 308
3 41 931
3 42 87
3 43 271
3 44 341
3 45 300
3 46 814
3 47 646
3 48 1002
3 49 72
3 50 1001
3 51 291
3 52 848
3 53 754
3 54 109
3 55 950
3 56 651
3 57 806
3 58 995
3 59 350
3 60 724
3 61 272
3 62 416
3 63 16
3 64 724
3 65 711
3 66 717
3 67 754
3 68 921
3 69 331
3 70 73
3 71 664
3 72 94
3 73 699
3 74 214
3 75 790
3 76 376
3 77 930
3 78 185
3 79 663
3 80 110
3 81 506
3 82 150
3 83 54
3 84 208
3 85 929
3 86 364
3 87 836
3 88 299
3 89 356
3 90 757
3 91 401
3 92 3
3 93 113
3 94 857
3 95 246
3 96 779
3 97 945
3 98 547
3 99 74
4 5 666
4 6 414
4 7 180
4 8 35
4 9 78
4 10 457
4 11 686
4 12 775
4 13 125
4 14 8
4 15 364
4 16 500
4 17 665
4 18 118
4 19 672
4 20 293
4 21 916
4 22 427
4 23 84
4 24 726
4 25 109
4 26 21
4 27 358
4 28 690
4 29 9
4 30 79
4 31 638
4 32 946
4 33 422
4 34 417
4 35 57
4 36 425
4 37 419
4 38 784
4 39 723
4 40 974
4 41 948
4 42 495
4 43 601
4 44 434
4 45 925
4 46 558
4 47 237
4 48 219
4 49 437
4 50 795
4 51 485
4 52 976
4 53 29
4 54 270
4 55 461
4 56 469
4 57 512
4 58 554
4 59 732
4 60 137
4 61 13
4 62 848
4 63 445
4 64 318
4 65 779
4 66 165
4 67 928
4 68 337
4 69 326
4 70 736
4 71 8
4 72 155
4 73 487
4 74 261
4 75 733
4 76 863
4 77 680
4 78 381
4 79 525
4 80 853
4 81 447
4 82 425
4 83 726
4 84 422
4 85 242
4 86 724
4 87 752
4 88 257
4 89 805
4 90 865
4 91 265
4 92 477
4 93 160
4 94 414
4 95 496
4 96 760
4 97 541
4 98 623
4 99 214
5 6 456
5 7 400
5 8 574
5 9 10
5 10 216
5 11 664
5 12 665
5 13 76
5 14 741
5 15 541
5 16 892
5 17 780
5 18 705
5 19 514
5 20 521
5 21 980
5 22 840
5 23 428
5 24 205
5 25 811
5 26 946
5 27 235
5 28 101
5 29 556
5 30 104
5 31 1002
5 32 544
5 33 910
5 34 177
5 35 882
5 36 687
5 37 493
5 38 783
5 39 604
5 40 986
5 41 233
5 42 534
5 43 310
5 44 549
5 45 605
5 46 637
5 47 228
5 48 748
5 49 850
5 50 585
5 51 939
5 52 826
5 53 509
5 54 790
5 55 99
5 56 600
5 57 559
5 58 199
5 59 611
5 60 259
5 61 188
5 62 760
5 63 730
5 64 87
5 65 871
5 66 513
5 67 3
5 68 643
5 69 787
5 70 902
5 71 231
5 72 365
5 73 780
5 74 989
5 75 210
5 76 144
5 77 975
5 78 704
5 79 407
5 80 451
5 81 256
5 82 731
5 83 589
5 84 708
5 85 331
5 86 184
5 87 406
5 88 877
5 89 517
5 90 345
5 91 997
5 92 109
5 93 659
5 94 542
5 95 944
5 96 666
5 97 859
5 98 912
5 99 895
6 7 477
6 8 338
6 9 589
6 10 292
6 11 487
6 12 357
6 13 197
6 14 707
6 15 147
6 16 828
6 17 283
6 18 380
6 19 283
6 20 508
6 21 961
6 22 814
6 23 1000
6 24 677
6 25 821
6 26 142
6 27 316
6 28 571
6 29 520
6 30 16
6 31 506
6 32 216
6 33 202
6 34 653
6 35 985
6 36 258
6 37 486
6 38 575
6 39 869
6 40 832
6 41 435
6 42 897
6 43 670
6 44 195
6 45 509
6 46 634
6 47 181
6 48 483
6 49 1001
6 50 323
6 51 372
6 52 792
6 53 521
6 54 526
6 55 461
6 56 690
6 57 623
6 58 506
6 59 510
6 60 907
6 61 596
6 62 245
6 63 307
6 64 323
6 65 843
6 66 737
6 67 60
6 68 212
6 69 154
6 70 314
6 71 657
6 72 175
6 73 153
6 74 334
6 75 244
6 76 966
6 77 551
6 78 918
6 79 262
6 80 12
6 81 673
6 82 589
6 83 84
6 84 282
6 85 163
6 86 126
6 87 11
6 88 36
6 89 860
6 90 875
6 91 826
6 92 771
6 93 645
6 94 355
6 95 759
6 96 356
6 97 387
6 98 19
6 99 684
7 8 537
7 9 37
7 10 177
7 11 843
7 12 254
7 13 344
7 14 765
7 15 384
7 16 566
7 17 145
7 18 672
7 19 406
7 20 167
7 21 162
7 22 169
7 23 405
7 24 828
7 25 377
7 26 574
7 27 35
7 28 290
7 29 693
7 30 728
7 31 480
7 32 317
7 33 11
7 34 507
7 35 806
7 36 211
7 37 712
7 38 660
7 39 960
7 40 41
7 41 991
7 42 715
7 43 890
7 44 869
7 45 189
7 46 523
7 47 42
7 48 564
7 49 156
7 50 336
7 51 486
7 52 452
7 53 757
7 54 464
7 55 326
7 56 573
7 57 921
7 58 85
7 59 307
7 60 780
7 61 98
7 62 954
7 63 697
7 64 992
7 65 541
7 66 884
7 67 88
7 68 464
7 69 747
7 70 995
7 71 73
7 72 204
7 73 376
7 74 809
7 75 959
7 76 804
7 77 531
7 78 586
7 79 19
7 80 54
7 81 880
7 82 373
7 83 837
7 84 748
7 85 330
7 86 514
7 87 688
7 88 492
7 89 525
7 90 132
7 91 302
7 92 514
7 93 243
7 94 385
7 95 779
7 96 307
7 97 52
7 98 463
7 99 870
8 9 139
8 10 308
8 11 305
8 12 981
8 13 802
8 14 824
8 15 827
8 16 833
8 17 827
8 18 561
8 19 802
8 20 890
8 21 501
8 22 652
8 23 736
8 24 492
8 25 989
8 26 873
8 27 230
8 28 106
8 29 163
8 30 419
8 31 978
8 32 185
8 33 716
8 34 111
8 35 420
8 36 345
8 37 912
8 38 864
8 39 708
8 40 647
8 41 245
8 42 330
8 43 438
8 44 958
8 45 676
8 46 166
8 47 160
8 48 760
8 49 154
8 50 822
8 51 195
8 52 8
8 53 202
8 54 778
8 55 704
8 56 641
8 57 792
8 58 33
8 59 237
8 60 740
8 61 225
8 62 36
8 63 680
8 64 518
8 65 594
8 66 575
8 67 172
8 68 784
8 69 518
8 70 33
8 71 642
8 72 76
8 73 4
8 74 871
8 75 953
8 76 588
8 77 32
8 78 972
8 79 992
8 80 916
8 81 449
8 82 979
8 83 196
8 84 339
8 85 283
8 86 64
8 87 278
8 88 638
8 89 686
8 90 508
8 91 262
8 92 599
8 93 454
8 94 383
8 95 14
8 96 92
8 97 36
8 98 859
8 99 392
9 10 570
9 11 901
9 12 119
9 13 313
9 14 739
9 15 322
9 16 337
9 17 514
9 18 998
9 19 912
9 20 848
9 21 997
9 22 638
9 23 824
9 24 352
9 25 877
9 26 861
9 27 705
9 28 591
9 29 481
9 30 67
9 31 717
9 32 416
9 33 674
9 34 697
9 35 154
9 36 902
9 37 83
9 38 323
9 39 914
9 40 307
9 41 473
9 42 486
9 43 437
9 44 649
9 45 490
9 46 918
9 47 85
9 48 25
9 49 731
9 50 628
9 51 418
9 52 371
9 53 173
9 54 493
9 55 911
9 56 77
9 57 183
9 58 630
9 59 261
9 60 103
9 61 434
9 62 134
9 63 150
9 64 230
9 65 249
9 66 133
9 67 765
9 68 999
9 69 479
9 70 860
9 71 780
9 72 151
9 73 910
9 74 325
9 75 870
9 76 656
9 77 37
9 78 53
9 79 166
9 80 815
9 81 313
9 82 230
9 83 792
9 84 316
9 85 240
9 86 906
9 87 487
9 88 946
9 89 466
9 90 476
9 91 342
9 92 383
9 93 440
9 94 745
9 95 394
9 96 774
9 97 938
9 98 544
9 99 255
10 11 659
10 12 355
10 13 206
10 14 939
10 15 207
10 16 448
10 17 493
10 18 240
10 19 445
10 20 305
10 21 278
10 22 582
10 23 243
10 24 151
10 25 100
10 26 568
10 27 37
10 28 711
10 29 531
10 30 310
10 31 334
10 32 21
10 33 81
10 34 171
10 35 257
10 36 365
10 37 268
10 38 144
10 39 528
10 40 565
10 41 652
10 42 960
10 43 530
10 44 583
10 45 402
10 46 141
10 47 946
10 48 630
10 49 409
10 50 187
10 51 517
10 52 135
10 53 123
10 54 636
10 55 197
10 56 3
10 57 79
10 58 348
10 59 316
10 60 889
10 61 954
10 62 125
10 63 506
10 64 481
10 65 132
10 66 806
10 67 675
10 68 862
10 69 229
10 70 239
10 71 19
10 72 363
10 73 184
10 74 585
10 75 300
10 76 362
10 77 806
10 78 588
10 79 425
10 80 713
10 81 798
10 82 952
10 83 651
10 84 231
10 85 347
10 86 775
10 87 684
10 88 573
10 89 87
10 90 635
10 91 442
10 92 335
10 93 151
10 94 125
10 95 847
10 96 653
10 97 398
10 98 902
10 99 702
11 12 845
11 13 550
11 14 809
11 15 968
11 16 436
11 17 484
11 18 360
11 19 856
11 20 381
11 21 780
11 22 926
11 23 820
11 24 57
11 25 238
11 26 301
11 27 822
11 28 712
11 29 871
11 30 201
11 31 65
11 32 438
11 33 586
11 34 461
11 35 439
11 36 633
11 37 560
11 38 180
11 39 90
11 40 754
11 41 726
11 42 411
11 43 298
11 44 482
11 45 615
11 46 357
11 47 911
11 48 831
11 49 137
11 50 654
11 51 128
11 52 120
11 53 612
11 54 557
11 55 963
11 56 197
11 57 544
11 58 675
11 59 45
11 60 330
11 61 542
11 62 329
11 63 820
11 64 45
11 65 818
11 66 458
11 67 603
11 68 622
11 69 783
11 70 916
11 71 862
11 72 639
11 73 204
11 74 653
11 75 231
11 76 500
11 77 270
11 78 139
11 79 272
11 80 701
11 81 574
11 82 364
11 83 10
11 84 314
11 85 212
11 86 559
11 87 733
11 88 846
11 89 380
11 90 43
11 91 305
11 92 254
11 93 368
11 94 487
11 95 317
11 96 788
11 97 638
11 98 90
11 99 430
12 13 471
12 14 884
12 15 172
12 16 370
12 17 805
12 18 769
12 19 548
12 20 468
12 21 116
12 22 453
12 23 395
12 24 363
12 25 374
12 26 3
12 27 288
12 28 135
12 29 491
12 30 494
12 31 998
12 32 204
12 33 283
12 34 955
12 35 971
12 36 90
12 37 516
12 38 54
12 39 523
12 40 43
12 41 160
12 42 911
12 43 957
12 44 455
12 45 67
12 46 549
12 47 931
12 48 709
12 49 156
12 50 667
12 51 312
12 52 251
12 53 106
12 54 635
12 55 45
12 56 311
12 57 585
12 58 481
12 59 756
12 60 639
12 61 436
12 62 993
12 63 617
12 64 494
12 65 269
12 66 20
12 67 861
12 68 624
12 69 867
12 70 998
12 71 965
12 72 304
12 73 372
12 74 579
12 75 419
12 76 183
12 77 91
12 78 700
12 79 235
12 80 864
12 81 3
12 82 693
12 83 529
12 84 786
12 85 965
12 86 377
12 87 225
12 88 902
12 89 942
12 90 839
12 91 462
12 92 393
12 93 725
12 94 710
12 95 144
12 96 148
12 97 899
12 98 639
12 99 712
13 14 866
13 15 852
13 16 763
13 17 557
13 18 826
13 19 965
13 20 597
13 21 204
13 22 318
13 23 247
13 24 416
13 25 499
13 26 635
13 27 763
13 28 412
13 29 847
13 30 786
13 31 285
13 32 237
13 33 287
13 34 270
13 35 462
13 36 685
13 37 936
13 38 7
13 39 189
13 40 804
13 41 522
13 42 62
13 43 214
13 44 957
13 45 587
13 46 282
13 47 38
13 48 602
13 49 491
13 50 922
13 51 894
13 52 530
13 53 408
13 54 140
13 55 494
13 56 938
13 57 659
13 58 14
13 59 563
13 60 242
13 61 282
13 62 467
13 63 611
13 64 169
13 65 31
13 66 672
13 67 801
13 68 476
13 69 537
13 70 359
13 71 453
13 72 131
13 73 377
13 74 484
13 75 126
13 76 124
13 77 920
13 78 302
13 79 250
13 80 165
13 81 943
13 82 560
13 83 53
13 84 956
13 85 655
13 86 361
13 87 120
13 88 969
13 89 563
13 90 272
13 91 636
13 92 374
13 93 146
13 94 780
13 95 815
13 96 285
13 97 241
13 98 484
13 99 790
14 15 979
14 16 689
14 17 530
14 18 628
14 19 476
14 20 84
14 21 13
14 22 722
14 23 375
14 24 438
14 25 631
14 26 104
14 27 563
14 28 538
14 29 524
14 30 674
14 31 530
14 32 938
14 33 196
14 34 366
14 35 373
14 36 579
14 37 339
14 38 621
14 39 80
14 40 120
14 41 647
14 42 24
14 43 928
14 44 382
14 45 969
14 46 366
14 47 970
14 48 720
14 49 104
14 50 155
14 51 781
14 52 699
14 53 674
14 54 195
14 55 483
14 56 237
14 57 709
14 58 7
14 59 836
14 60 114
14 61 485
14 62 702
14 63 220
14 64 847
14 65 134
14 66 32
14 67 942
14 68 987
14 69 797
14 70 335
14 71 409
14 72 178
14 73 490
14 74 855
14 75 602
14 76 668
14 77 209
14 78 408
14 79 305
14 80 950
14 81 937
14 82 194
14 83 688
14 84 727
14 85 307
14 86 680
14 87 74
14 88 245
14 89 711
14 90 87
14 91 953
14 92 960
14 93 4
14 94 417
14 95 539
14 96 40
14 97 96
14 98 709
14 99 165
15 16 51
15 17 47
15 18 930
15 19 488
15 20 434
15 21 6
15 22 484
15 23 971
15 24 228
15 25 938
15 26 437
15 27 921
15 28 603
15 29 852
15 30 232
15 31 765
15 32 190
15 33 872
15 34 186
15 35 11
15 36 454
15 37 783
15 38 33
15 39 809
15 40 349
15 41 226
15 42 42
15 43 774
15 44 3
15 45 807
15 46 478
15 47 689
15 48 483
15 49 377
15 50 269
15 51 221
15 52 62
15 53 91
15 54 878
15 55 628
15 56 711
15 57 245
15 58 76
15 59 761
15 60 735
15 61 410
15 62 709
15 63 507
15 64 25
15 65 985
15 66 128
15 67 239
15 68 456
15 69 875
15 70 325
15 71 692
15 72 999
15 73 948
15 74 674
15 75 293
15 76 826
15 77 430
15 78 442
15 79 91
15 80 212
15 81 658
15 82 88
15 83 593
15 84 72
15 85 913
15 86 493
15 87 396
15 88 907
15 89 106
15 90 662
15 91 850
15 92 930
15 93 676
15 94 162
15 95 338
15 96 384
15 97 846
15 98 795
15 99 781
16 17 675
16 18 604
16 19 394
16 20 891
16 21 80
16 22 789
16 23 816
16 24 545
16 25 427
16 26 932
16 27 266
16 28 641
16 29 380
16 30 188
16 31 996
16 32 899
16 33 535
16 34 607
16 35 810
16 36 723
16 37 362
16 38 80
16 39 867
16 40 523
16 41 444
16 42 215
16 43 847
16 44 378
16 45 404
16 46 542
16 47 186
16 48 437
16 49 903
16 50 394
16 51 537
16 52 85
16 53 743
16 54 788
16 55 381
16 56 753
16 57 560
16 58 712
16 59 102
16 60 541
16 61 580
16 62 845
16 63 81
16 64 443
16 65 426
16 66 350
16 67 101
16 68 754
16 69 835
16 70 617
16 71 74
16 72 660
16 73 293
16 74 798
16 75 579
16 76 140
16 77 899
16 78 746
16 79 638
16 80 319
16 81 461
16 82 869
16 83 1002
16 84 114
16 85 355
16 86 32
16 87 688
16 88 685
16 89 808
16 90 443
16 91 893
16 92 919
16 93 389
16 94 630
16 95 231
16 96 146
16 97 715
16 98 982
16 99 661
17 18 559
17 19 533
17 20 51
17 21 772
17 22 917
17 23 630
17 24 232
17 25 431
17 26 599
17 27 671
17 28 18
17 29 895
17 30 84
17 31 35
17 32 156
17 33 364
17 34 51
17 35 198
17 36 570
17 37 394
17 38 421
17 39 355
17 40 533
17 41 839
17 42 829
17 43 829
17 44 663
17 45 276
17 46 934
17 47 41
17 48 151
17 49 275
17 50 677
17 51 114
17 52 535
17 53 856
17 54 567
17 55 901
17 56 292
17 57 730
17 58 891
17 59 966
17 60 806
17 61 876
17 62 235
17 63 914
17 64 121
17 65 151
17 66 823
17 67 71
17 68 962
17 69 635
17 70 890
17 71 217
17 72 894
17 73 934
17 74 257
17 75 374
17 76 416
17 77 227
17 78 818
17 79 340
17 80 705
17 81 54
17 82 497
17 83 217
17 84 109
17 85 631
17 86 657
17 87 691
17 88 259
17 89 133
17 90 617
17 91 250
17 92 141
17 93 142
17 94 748
17 95 451
17 96 898
17 97 756
17 98 126
17 99 454
18 19 728
18 20 882
18 21 260
18 22 474
18 23 405
18 24 423
18 25 347
18 26 711
18 27 16
18 28 194
18 29 347
18 30 380
18 31 300
18 32 831
18 33 413
18 34 698
18 35 469
18 36 40
18 37 11
18 38 113
18 39 381
18 40 248
18 41 768
18 42 202
18 43 945
18 44 892
18 45 752
18 46 596
18 47 824
18 48 523
18 49 744
18 50 275
18 51 204
18 52 552
18 53 777
18 54 574
18 55 220
18 56 349
18 57 473
18 58 511
18 59 408
18 60 697
18 61 619
18 62 761
18 63 487
18 64 997
18 65 976
18 66 325
18 67 126
18 68 668
18 69 534
18 70 413
18 71 410
18 72 778
18 73 496
18 74 717
18 75 720
18 76 967
18 77 614
18 78 367
18 79 506
18 80 355
18 81 230
18 82 982
18 83 845
18 84 164
18 85 3
18 86 797
18 87 689
18 88 773
18 89 637
18 90 896
18 91 193
18 92 434
18 93 809
18 94 451
18 95 627
18 96 969
18 97 131
18 98 386
18 99 482
19 20 275
19 21 209
19 22 905
19 23 370
19 24 380
19 25 721
19 26 373
19 27 395
19 28 382
19 29 14
19 30 378
19 31 522
19 32 645
19 33 759
19 34 399
19 35 996
19 36 951
19 37 809
19 38 719
19 39 205
19 40 18
19 41 302
19 42 433
19 43 89
19 44 434
19 45 870
19 46 714
19 47 816
19 48 419
19 49 53
19 50 81
19 51 55
19 52 260
19 53 260
19 54 964
19 55 484
19 56 37
19 57 684
19 58 497
19 59 714
19 60 258
19 61 713
19 62 79
19 63 486
19 64 112
19 65 436
19 66 638
19 67 353
19 68 712
19 69 611
19 70 52
19 71 360
19 72 426
19 73 93
19 74 906
19 75 632
19 76 211
19 77 600
19 78 950
19 79 886
19 80 42
19 81 846
19 82 130
19 83 718
19 84 128
19 85 296
19 86 101
19 87 481
19 88 990
19 89 393
19 90 329
19 91 77
19 92 659
19 93 246
19 94 517
19 95 448
19 96 965
19 97 827
19 98 723
19 99 964
20 21 192
20 22 370
20 23 340
20 24 786
20 25 365
20 26 329
20 27 315
20 28 552
20 29 381
20 30 809
20 31 88
20 32 404
20 33 559
20 34 470
20 35 398
20 36 230
20 37 94
20 38 932
20 39 126
20 40 361
20 41 734
20 42 246
20 43 397
20 44 699
20 45 288
20 46 997
20 47 572
20 48 726
20 49 668
20 50 663
20 51 663
20 52 533
20 53 310
20 54 357
20 55 656
20 56 546
20 57 765
20 58 258
20 59 876
20 60 623
20 61 432
20 62 385
20 63 422
20 64 908
20 65 481
20 66 422
20 67 267
20 68 705
20 69 246
20 70 560
20 71 446
20 72 556
20 73 326
20 74 805
20 75 837
20 76 221
20 77 722
20 78 590
20 79 188
20 80 376
20 81 244
20 82 829
20 83 680
20 84 115
20 85 555
20 86 157
20 87 742
20 88 513
20 89 271
20 90 288
20 91 21
20 92 46
20 93 563
20 94 758
20 95 850
20 96 740
20 97 809
20 98 53
20 99 34
21 22 373
21 23 314
21 24 188
21 25 301
21 26 306
21 27 77
21 28 93
21 29 841
21 30 867
21 31 944
21 32 266
21 33 909
21 34 960
21 35 741
21 36 447
21 37 911
21 38 352
21 39 663
21 40 896
21 41 104
21 42 991
21 43 93
21 44 524
21 45 862
21 46 837
21 47 78
21 48 442
21 49 562
21 50 677
21 51 102
21 52 411
21 53 748
21 54 588
21 55 664
21 56 369
21 57 763
21 58 51
21 59 788
21 60 62
21 61 513
21 62 749
21 63 115
21 64 272
21 65 879
21 66 773
21 67 929
21 68 492
21 69 781
21 70 306
21 71 937
21 72 16
21 73 612
21 74 556
21 75 927
21 76 765
21 77 264
21 78 668
21 79 690
21 80 189
21 81 352
21 82 767
21 83 177
21 84 473
21 85 367
21 86 820
21 87 608
21 88 662
21 89 272
21 90 734
21 91 587
21 92 825
21 93 406
21 94 563
21 95 266
21 96 937
21 97 306
21 98 846
21 99 437
22 23 708
22 24 624
22 25 858
22 26 90
22 27 36
22 28 740
22 29 288
22 30 797
22 31 203
22 32 1001
22 33 563
22 34 751
22 35 901
22 36 378
22 37 26
22 38 642
22 39 678
22 40 373
22 41 893
22 42 795
22 43 476
22 44 564
22 45 36
22 46 857
22 47 421
22 48 822
22 49 893
22 50 838
22 51 668
22 52 998
22 53 948
22 54 316
22 55 696
22 56 226
22 57 775
22 58 545
22 59 717
22 60 791
22 61 235
22 62 446
22 63 727
22 64 370
22 65 897
22 66 788
22 67 188
22 68 866
22 69 509
22 70 824
22 71 858
22 72 924
22 73 289
22 74 585
22 75 762
22 76 207
22 77 909
22 78 471
22 79 355
22 80 514
22 81 210
22 82 910
22 83 345
22 84 595
22 85 119
22 86 243
22 87 751
22 88 122
22 89 715
22 90 63
22 91 434
22 92 364
22 93 948
22 94 178
22 95 920
22 96 812
22 97 472
22 98 970
22 99 42
23 24 335
23 25 705
23 26 147
23 27 6
23 28 862
23 29 302
23 30 441
23 31 16
23 32 906
23 33 737
23 34 396
23 35 521
23 36 683
23 37 803
23 38 203
23 39 1000
23 40 337
23 41 366
23 42 85
23 43 633
23 44 295
23 45 684
23 46 811
23 47 339
23 48 197
23 49 716
23 50 786
23 51 527
23 52 53
23 53 366
23 54 568
23 55 461
23 56 208
23 57 375
23 58 757
23 59 113
23 60 314
23 61 118
23 62 4
23 63 814
23 64 659
23 65 711
23 66 553
23 67 513
23 68 975
23 69 384
23 70 613
23 71 674
23 72 993
23 73 435
23 74 264
23 75 262
23 76 411
23 77 276
23 78 366
23 79 129
23 80 321
23 81 331
23 82 622
23 83 986
23 84 967
23 85 851
23 86 567
23 87 527
23 88 975
23 89 780
23 90 587
23 91 795
23 92 552
23 93 807
23 94 17
23 95 509
23 96 531
23 97 225
23 98 421
23 99 851
24 25 792
24 26 249
24 27 675
24 28 182
24 29 1001
24 30 572
24 31 996
24 32 951
24 33 653
24 34 505
24 35 712
24 36 347
24 37 904
24 38 553
24 39 293
24 40 899
24 41 176
24 42 17
24 43 54
24 44 95
24 45 419
24 46 155
24 47 600
24 48 596
24 49 64
24 50 794
24 51 169
24 52 532
24 53 491
24 54 941
24 55 505
24 56 213
24 57 981
24 58 813
24 59 566
24 60 188
24 61 563
24 62 762
24 63 986
24 64 11
24 65 349
24 66 203
24 67 704
24 68 313
24 69 642
24 70 413
24 71 432
24 72 793
24 73 986
24 74 375
24 75 294
24 76 870
24 77 460
24 78 3
24 79 778
24 80 293
24 81 858
24 82 854
24 83 787
24 84 91
24 85 33
24 86 724
24 87 797
24 88 281
24 89 301
24 90 614
24 91 101
24 92 669
24 93 13
24 94 261
24 95 498
24 96 379
24 97 579
24 98 92
24 99 143
25 26 123
25 27 599
25 28 913
25 29 926
25 30 661
25 31 916
25 32 252
25 33 191
25 34 563
25 35 314
25 36 27
25 37 129
25 38 517
25 39 318
25 40 885
25 41 840
25 42 475
25 43 23
25 44 709
25 45 384
25 46 54
25 47 570
25 48 306
25 49 505
25 50 608
25 51 521
25 52 757
25 53 283
25 54 454
25 55 639
25 56 546
25 57 164
25 58 722
25 59 671
25 60 323
25 61 992
25 62 118
25 63 5
25 64 97
25 65 288
25 66 966
25 67 333
25 68 204
25 69 686
25 70 133
25 71 116
25 72 669
25 73 936
25 74 515
25 75 388
25 76 538
25 77 539
25 78 69
25 79 211
25 80 666
25 81 409
25 82 837
25 83 549
25 84 746
25 85 886
25 86 28
25 87 273
25 88 991
25 89 616
25 90 365
25 91 354
25 92 116
25 93 797
25 94 780
25 95 903
25 96 246
25 97 538
25 98 183
25 99 165
26 27 246
26 28 505
26 29 932
26 30 836
26 31 111
26 32 90
26 33 587
26 34 655
26 35 818
26 36 629
26 37 717
26 38 936
26 39 822
26 40 854
26 41 965
26 42 699
26 43 923
26 44 874
26 45 125
26 46 673
26 47 505
26 48 682
26 49 85
26 50 440
26 51 804
26 52 838
26 53 888
26 54 313
26 55 923
26 56 532
26 57 863
26 58 59
26 59 369
26 60 129
26 61 866
26 62 278
26 63 467
26 64 494
26 65 147
26 66 186
26 67 660
26 68 511
26 69 86
26 70 369
26 71 790
26 72 216
26 73 679
26 74 866
26 75 489
26 76 72
26 77 626
26 78 247
26 79 289
26 80 491
26 81 456
26 82 858
26 83 330
26 84 99
26 85 377
26 86 83
26 87 167
26 88 503
26 89 197
26 90 325
26 91 757
26 92 198
26 93 815
26 94 994
26 95 577
26 96 677
26 97 196
26 98 940
26 99 913
27 28 64
27 29 496
27 30 886
27 31 169
27 32 118
27 33 211
27 34 546
27 35 380
27 36 864
27 37 178
27 38 156
27 39 126
27 40 811
27 41 136
27 42 62
27 43 448
27 44 123
27 45 879
27 46 813
27 47 908
27 48 626
27 49 689
27 50 644
27 51 97
27 52 74
27 53 356
27 54 680
27 55 473
27 56 111
27 57 278
27 58 405
27 59 161
27 60 961
27 61 356
27 62 543
27 63 984
27 64 984
27 65 569
27 66 834
27 67 36
27 68 121
27 69 54
27 70 702
27 71 226
27 72 49
27 73 93
27 74 413
27 75 108
27 76 711
27 77 418
27 78 783
27 79 960
27 80 414
27 81 156
27 82 529
27 83 814
27 84 138
27 85 992
27 86 553
27 87 234
27 88 676
27 89 15
27 90 741
27 91 491
27 92 129
27 93 73
27 94 612
27 95 75
27 96 952
27 97 378
27 98 892
27 99 633
28 29 507
28 30 684
28 31 942
28 32 611
28 33 253
28 34 69
28 35 800
28 36 535
28 37 150
28 38 483
28 39 25
28 40 724
28 41 323
28 42 725
28 43 786
28 44 604
28 45 569
28 46 387
28 47 739
28 48 365
28 49 122
28 50 41
28 51 404
28 52 729
28 53 521
28 54 984
28 55 581
28 56 170
28 57 27
28 58 269
28 59 247
28 60 850
28 61 944
28 62 502
28 63 149
28 64 962
28 65 416
28 66 658
28 67 477
28 68 385
28 69 57
28 70 489
28 71 484
28 72 488
28 73 448
28 74 300
28 75 129
28 76 363
28 77 333
28 78 670
28 79 888
28 80 186
28 81 76
28 82 835
28 83 146
28 84 201
28 85 113
28 86 48
28 87 922
28 88 349
28 89 628
28 90 419
28 91 956
28 92 336
28 93 141
28 94 332
28 95 273
28 96 775
28 97 98
28 98 692
28 99 534
29 30 890
29 31 303
29 32 244
29 33 854
29 34 891
29 35 757
29 36 866
29 37 796
29 38 491
29 39 350
29 40 360
29 41 558
29 42 673
29 43 640
29 44 654
29 45 623
29 46 972
29 47 672
29 48 225
29 49 252
29 50 580
29 51 809
29 52 619
29 53 977
29 54 243
29 55 69
29 56 388
29 57 20
29 58 202
29 59 338
29 60 849
29 61 122
29 62 945
29 63 17
29 64 557
29 65 280
29 66 231
29 67 627
29 68 718
29 69 629
29 70 659
29 71 405
29 72 673
29 73 295
29 74 386
29 75 486
29 76 600
29 77 787
29 78 842
29 79 223
29 80 99
29 81 473
29 82 182
29 83 802
29 84 133
29 85 567
29 86 459
29 87 253
29 88 120
29 89 4
29 90 282
29 91 513
29 92 123
29 93 760
29 94 24
29 95 118
29 96 91
29 97 587
29 98 850
29 99 378
30 31 160
30 32 67
30 33 741
30 34 234
30 35 754
30 36 90
30 37 540
30 38 232
30 39 555
30 40 422
30 41 347
30 42 813
30 43 951
30 44 171
30 45 364
30 46 176
30 47 609
30 48 814
30 49 144
30 50 944
30 51 903
30 52 595
30 53 105
30 54 711
30 55 50
30 56 34
30 57 493
30 58 783
30 59 975
30 60 349
30 61 53
30 62 433
30 63 345
30 64 382
30 65 879
30 66 132
30 67 442
30 68 382
30 69 937
30 70 363
30 71 175
30 72 681
30 73 527
30 74 515
30 75 524
30 76 608
30 77 918
30 78 979
30 79 704
30 80 174
30 81 658
30 82 948
30 83 274
30 84 608
30 85 949
30 86 587
30 87 940
30 88 359
30 89 529
30 90 748
30 91 263
30 92 360
30 93 656
30 94 89
30 95 968
30 96 678
30 97 954
30 98 652
30 99 737
31 32 365
31 33 263
31 34 546
31 35 963
31 36 546
31 37 925
31 38 192
31 39 186
31 40 802
31 41 524
31 42 594
31 43 385
31 44 400
31 45 632
31 46 97
31 47 696
31 48 307
31 49 911
31 50 277
31 51 723
31 52 751
31 53 44
31 54 468
31 55 709
31 56 90
31 57 667
31 58 122
31 59 37
31 60 890
31 61 813
31 62 905
31 63 336
31 64 678
31 65 558
31 66 314
31 67 967
31 68 530
31 69 54
31 70 429
31 71 770
31 72 983
31 73 749
31 74 582
31 75 932
31 76 610
31 77 435
31 78 481
31 79 561
31 80 940
31 81 207
31 82 22
31 83 798
31 84 826
31 85 685
31 86 728
31 87 456
31 88 461
31 89 213
31 90 875
31 91 104
31 92 788
31 93 578
31 94 956
31 95 325
31 96 641
31 97 984
31 98 382
31 99 779
32 33 50
32 34 930
32 35 906
32 36 35
32 37 65
32 38 979
32 39 142
32 40 170
32 41 758
32 42 403
32 43 209
32 44 958
32 45 435
32 46 708
32 47 702
32 48 718
32 49 496
32 50 70
32 51 799
32 52 345
32 53 912
32 54 471
32 55 636
32 56 266
32 57 739
32 58 871
32 59 733
32 60 27
32 61 558
32 62 820
32 63 564
32 64 304
32 65 584
32 66 305
32 67 22
32 68 901
32 69 175
32 70 252
32 71 115
32 72 1002
32 73 90
32 74 912
32 75 187
32 76 669
32 77 472
32 78 640
32 79 604
32 80 737
32 81 809
32 82 317
32 83 210
32 84 679
32 85 795
32 86 810
32 87 102
32 88 698
32 89 944
32 90 749
32 91 347
32 92 151
32 93 949
32 94 233
32 95 388
32 96 756
32 97 446
32 98 666
32 99 969
33 34 752
33 35 425
33 36 961
33 37 516
33 38 108
33 39 760
33 40 769
33 41 575
33 42 337
33 43 411
33 44 41
33 45 193
33 46 266
33 47 341
33 48 587
33 49 585
33 50 386
33 51 677
33 52 412
33 53 305
33 54 353
33 55 201
33 56 76
33 57 6
33 58 875
33 59 782
33 60 208
33 61 487
33 62 898
33 63 779
33 64 543
33 65 733
33 66 365
33 67 606
33 68 618
33 69 234
33 70 713
33 71 447
33 72 592
33 73 325
33 74 367
33 75 828
33 76 144
33 77 804
33 78 182
33 79 36
33 80 936
33 81 731
33 82 91
33 83 112
33 84 117
33 85 988
33 86 261
33 87 839
33 88 916
33 89 407
33 90 998
33 91 241
33 92 153
33 93 133
33 94 799
33 95 559
33 96 126
33 97 15
33 98 211
33 99 496
34 35 623
34 36 565
34 37 656
34 38 431
34 39 427
34 40 875
34 41 561
34 42 515
34 43 765
34 44 182
34 45 215
34 46 439
34 47 531
34 48 320
34 49 648
34 50 867
34 51 351
34 52 536
34 53 769
34 54 858
34 55 605
34 56 502
34 57 320
34 58 727
34 59 60
34 60 773
34 61 309
34 62 129
34 63 184
34 64 618
34 65 459
34 66 86
34 67 191
34 68 444
34 69 17
34 70 359
34 71 363
34 72 228
34 73 878
34 74 480
34 75 303
34 76 943
34 77 404
34 78 156
34 79 670
34 80 209
34 81 4
34 82 854
34 83 192
34 84 437
34 85 226
34 86 19
34 87 446
34 88 570
34 89 498
34 90 854
34 91 40
34 92 496
34 93 891
34 94 131
34 95 381
34 96 292
34 97 436
34 98 48
34 99 963
35 36 983
35 37 956
35 38 945
35 39 456
35 40 638
35 41 974
35 42 180
35 43 352
35 44 646
35 45 565
35 46 396
35 47 455
35 48 582
35 49 100
35 50 41
35 51 537
35 52 122
35 53 834
35 54 216
35 55 480
35 56 844
35 57 187
35 58 687
35 59 327
35 60 29
35 61 250
35 62 804
35 63 725
35 64 117
35 65 630
35 66 807
35 67 163
35 68 168
35 69 946
35 70 196
35 71 729
35 72 386
35 73 970
35 74 285
35 75 318
35 76 955
35 77 827
35 78 664
35 79 727
35 80 646
35 81 42
35 82 773
35 83 938
35 84 663
35 85 336
35 86 411
35 87 787
35 88 419
35 89 668
35 90 739
35 91 39
35 92 277
35 93 169
35 94 988
35 95 887
35 96 430
35 97 761
35 98 697
35 99 135
36 37 388
36 38 234
36 39 24
36 40 16
36 41 543
36 42 841
36 43 685
36 44 962
36 45 480
36 46 397
36 47 366
36 48 294
36 49 98
36 50 93
36 51 912
36 52 299
36 53 773
36 54 788
36 55 626
36 56 879
36 57 808
36 58 451
36 59 272
36 60 881
36 61 16
36 62 512
36 63 587
36 64 581
36 65 55
36 66 942
36 67 807
36 68 111
36 69 678
36 70 685
36 71 637
36 72 579
36 73 669
36 74 563
36 75 714
36 76 468
36 77 162
36 78 259
36 79 208
36 80 468
36 81 193
36 82 749
36 83 771
36 84 412
36 85 804
36 86 23
36 87 791
36 88 308
36 89 155
36 90 906
36 91 464
36 92 677
36 93 661
36 94 151
36 95 105
36 96 485
36 97 143
36 98 980
36 99 673
37 38 907
37 39 476
37 40 634
37 41 843
37 42 955
37 43 886
37 44 737
37 45 694
37 46 68
37 47 428
37 48 942
37 49 957
37 50 832
37 51 212
37 52 363
37 53 111
37 54 652
37 55 515
37 56 951
37 57 592
37 58 593
37 59 787
37 60 169
37 61 241
37 62 907
37 63 804
37 64 807
37 65 879
37 66 784
37 67 103
37 68 843
37 69 48
37 70 226
37 71 862
37 72 801
37 73 283
37 74 648
37 75 568
37 76 962
37 77 391
37 78 186
37 79 267
37 80 589
37 81 748
37 82 172
37 83 923
37 84 518
37 85 138
37 86 285
37 87 843
37 88 31
37 89 855
37 90 992
37 91 361
37 92 230
37 93 981
37 94 866
37 95 910
37 96 743
37 97 843
37 98 629
37 99 598
38 39 196
38 40 362
38 41 893
38 42 557
38 43 146
38 44 427
38 45 202
38 46 347
38 47 926
38 48 255
38 49 61
38 50 386
38 51 816
38 52 319
38 53 774
38 54 885
38 55 494
38 56 45
38 57 925
38 58 59
38 59 796
38 60 467
38 61 263
38 62 788
38 63 547
38 64 507
38 65 507
38 66 619
38 67 232
38 68 230
38 69 446
38 70 85
38 71 630
38 72 801
38 73 852
38 74 225
38 75 710
38 76 580
38 77 592
38 78 416
38 79 86
38 80 21
38 81 822
38 82 823
38 83 855
38 84 701
38 85 431
38 86 450
38 87 428
38 88 9
38 89 844
38 90 380
38 91 792
38 92 916
38 93 903
38 94 5
38 95 503
38 96 859
38 97 134
38 98 442
38 99 160
39 40 409
39 41 393
39 42 275
39 43 433
39 44 995
39 45 631
39 46 633
39 47 612
39 48 647
39 49 68
39 50 455
39 51 521
39 52 801
39 53 181
39 54 98
39 55 483
39 56 294
39 57 903
39 58 228
39 59 687
39 60 349
39 61 364
39 62 661
39 63 642
39 64 986
39 65 679
39 66 203
39 67 179
39 68 292
39 69 403
39 70 68
39 71 193
39 72 42
39 73 599
39 74 673
39 75 518
39 76 794
39 77 181
39 78 958
39 79 748
39 80 362
39 81 148
39 82 703
39 83 239
39 84 459
39 85 274
39 86 301
39 87 251
39 88 562
39 89 221
39 90 80
39 91 335
39 92 672
39 93 764
39 94 935
39 95 51
39 96 365
39 97 561
39 98 135
39 99 278
40 41 48
40 42 626
40 43 57
40 44 307
40 45 162
40 46 232
40 47 39
40 48 28
40 49 957
40 50 504
40 51 15
40 52 559
40 53 527
40 54 17
40 55 888
40 56 480
40 57 843
40 58 52
40 59 461
40 60 792
40 61 801
40 62 155
40 63 433
40 64 61
40 65 732
40 66 835
40 67 802
40 68 730
40 69 269
40 70 19
40 71 40
40 72 504
40 73 510
40 74 698
40 75 143
40 76 788
40 77 98
40 78 660
40 79 692
40 80 35
40 81 299
40 82 22
40 83 797
40 84 564
40 85 76
40 86 434
40 87 300
40 88 109
40 89 713
40 90 357
40 91 484
40 92 49
40 93 443
40 94 439
40 95 964
40 96 784
40 97 264
40 98 330
40 99 341
41 42 471
41 43 282
41 44 263
41 45 719
41 46 185
41 47 118
41 48 869
41 49 169
41 50 702
41 51 313
41 52 755
41 53 672
41 54 772
41 55 246
41 56 512
41 57 167
41 58 827
41 59 475
41 60 361
41 61 712
41 62 685
41 63 581
41 64 915
41 65 218
41 66 742
41 67 680
41 68 82
41 69 380
41 70 584
41 71 756
41 72 49
41 73 505
41 74 610
41 75 52
41 76 539
41 77 460
41 78 114
41 79 921
41 80 577
41 81 917
41 82 193
41 83 566
41 84 892
41 85 580
41 86 398
41 87 509
41 88 102
41 89 398
41 90 725
41 91 323
41 92 492
41 93 695
41 94 465
41 95 871
41 96 271
41 97 615
41 98 671
41 99 608
42 43 60
42 44 639
42 45 470
42 46 840
42 47 216
42 48 117
42 49 564
42 50 827
42 51 527
42 52 342
42 53 242
42 54 21
42 55 543
42 56 44
42 57 715
42 58 219
42 59 649
42 60 272
42 61 769
42 62 712
42 63 808
42 64 170
42 65 177
42 66 515
42 67 28
42 68 71
42 69 864
42 70 527
42 71 393
42 72 265
42 73 413
42 74 620
42 75 852
42 76 493
42 77 608
42 78 900
42 79 870
42 80 946
42 81 524
42 82 688
42 83 949
42 84 470
42 85 218
42 86 899
42 87 143
42 88 381
42 89 502
42 90 463
42 91 176
42 92 628
42 93 901
42 94 231
42 95 997
42 96 802
42 97 415
42 98 781
42 99 673
43 44 224
43 45 994
43 46 405
43 47 65
43 48 707
43 49 391
43 50 706
43 51 676
43 52 488
43 53 865
43 54 536
43 55 709
43 56 631
43 57 994
43 58 545
43 59 187
43 60 435
43 61 848
43 62 323
43 63 640
43 64 865
43 65 865
43 66 90
43 67 521
43 68 86
43 69 275
43 70 122
43 71 390
43 72 486
43 73 216
43 74 752
43 75 99
43 76 27
43 77 895
43 78 114
43 79 726
43 80 115
43 81 805
43 82 923
43 83 18
43 84 653
43 85 566
43 86 260
43 87 779
43 88 453
43 89 559
43 90 679
43 91 739
43 92 694
43 93 870
43 94 974
43 95 884
43 96 375
43 97 661
43 98 956
43 99 774
44 45 809
44 46 762
44 47 657
44 48 131
44 49 128
44 50 434
44 51 820
44 52 250
44 53 144
44 54 1000
44 55 940
44 56 937
44 57 1002
44 58 400
44 59 696
44 60 567
44 61 46
44 62 433
44 63 872
44 64 249
44 65 867
44 66 42
44 67 131
44 68 227
44 69 350
44 70 252
44 71 746
44 72 841
44 73 664
44 74 289
44 75 285
44 76 294
44 77 747
44 78 163
44 79 324
44 80 412
44 81 965
44 82 704
44 83 745
44 84 269
44 85 494
44 86 740
44 87 389
44 88 75
44 89 127
44 90 767
44 91 279
44 92 515
44 93 51
44 94 345
44 95 548
44 96 407
44 97 435
44 98 651
44 99 379
45 46 83
45 47 908
45 48 816
45 49 753
45 50 368
45 51 891
45 52 461
45 53 597
45 54 872
45 55 645
45 56 508
45 57 596
45 58 849
45 59 416
45 60 967
45 61 119
45 62 342
45 63 790
45 64 403
45 65 947
45 66 170
45 67 51
45 68 738
45 69 994
45 70 558
45 71 236
45 72 414
45 73 752
45 74 124
45 75 426
45 76 603
45 77 129
45 78 477
45 79 288
45 80 852
45 81 89
45 82 673
45 83 625
45 84 969
45 85 780
45 86 573
45 87 502
45 88 456
45 89 87
45 90 874
45 91 303
45 92 249
45 93 366
45 94 851
45 95 767
45 96 510
45 97 16
45 98 142
45 99 813
46 47 994
46 48 760
46 49 895
46 50 32
46 51 913
46 52 861
46 53 698
46 54 218
46 55 425
46 56 524
46 57 544
46 58 737
46 59 344
46 60 532
46 61 315
46 62 538
46 63 382
46 64 786
46 65 965
46 66 110
46 67 356
46 68 702
46 69 342
46 70 322
46 71 581
46 72 510
46 73 453
46 74 186
46 75 740
46 76 514
46 77 729
46 78 558
46 79 294
46 80 96
46 81 160
46 82 591
46 83 505
46 84 465
46 85 239
46 86 827
46 87 189
46 88 467
46 89 923
46 90 295
46 91 666
46 92 304
46 93 512
46 94 245
46 95 579
46 96 399
46 97 584
46 98 983
46 99 258
47 48 26
47 49 926
47 50 346
47 51 843
47 52 640
47 53 539
47 54 526
47 55 469
47 56 43
47 57 321
47 58 69
47 59 638
47 60 820
47 61 327
47 62 90
47 63 86
47 64 142
47 65 516
47 66 444
47 67 816
47 68 232
47 69 991
47 70 491
47 71 428
47 72 151
47 73 62
47 74 771
47 75 984
47 76 540
47 77 701
47 78 727
47 79 601
47 80 321
47 81 954
47 82 119
47 83 692
47 84 210
47 85 471
47 86 900
47 87 697
47 88 650
47 89 895
47 90 75
47 91 875
47 92 115
47 93 501
47 94 497
47 95 945
47 96 146
47 97 649
47 98 670
47 99 465
48 49 922
48 50 396
48 51 109
48 52 861
48 53 496
48 54 422
48 55 475
48 56 102
48 57 887
48 58 862
48 59 438
48 60 57
48 61 373
48 62 338
48 63 792
48 64 863
48 65 973
48 66 879
48 67 68
48 68 193
48 69 367
48 70 851
48 71 408
48 72 396
48 73 997
48 74 361
48 75 803
48 76 601
48 77 487
48 78 110
48 79 209
48 80 912
48 81 241
48 82 754
48 83 260
48 84 894
48 85 675
48 86 96
48 87 430
48 88 212
48 89 25
48 90 345
48 91 469
48 92 459
48 93 877
48 94 109
48 95 926
48 96 100
48 97 50
48 98 900
48 99 421
49 50 581
49 51 442
49 52 637
49 53 307
49 54 137
49 55 314
49 56 557
49 57 489
49 58 430
49 59 83
49 60 26
49 61 940
49 62 941
49 63 189
49 64 648
49 65 545
49 66 918
49 67 312
49 68 780
49 69 579
49 70 675
49 71 603
49 72 167
49 73 731
49 74 29
49 75 512
49 76 957
49 77 488
49 78 532
49 79 623
49 80 102
49 81 303
49 82 947
49 83 803
49 84 357
49 85 188
49 86 882
49 87 514
49 88 703
49 89 130
49 90 41
49 91 376
49 92 342
49 93 919
49 94 185
49 95 902
49 96 703
49 97 588
49 98 949
49 99 711
50 51 985
50 52 275
50 53 393
50 54 796
50 55 312
50 56 393
50 57 458
50 58 176
50 59 152
50 60 551
50 61 758
50 62 478
50 63 861
50 64 620
50 65 541
50 66 362
50 67 234
50 68 573
50 69 888
50 70 573
50 71 921
50 72 487
50 73 969
50 74 181
50 75 659
50 76 539
50 77 283
50 78 580
50 79 512
50 80 804
50 81 236
50 82 624
50 83 881
50 84 742
50 85 584
50 86 219
50 87 803
50 88 879
50 89 127
50 90 444
50 91 855
50 92 130
50 93 994
50 94 230
50 95 753
50 96 297
50 97 74
50 98 247
50 99 845
51 52 923
51 53 562
51 54 907
51 55 369
51 56 415
51 57 910
51 58 370
51 59 927
51 60 368
51 61 724
51 62 719
51 63 169
51 64 97
51 65 417
51 66 19
51 67 218
51 68 147
51 69 471
51 70 250
51 71 98
51 72 404
51 73 814
51 74 876
51 75 42
51 76 114
51 77 465
51 78 326
51 79 625
51 80 985
51 81 882
51 82 34
51 83 886
51 84 577
51 85 785
51 86 156
51 87 871
51 88 259
51 89 489
51 90 727
51 91 218
51 92 917
51 93 771
51 94 488
51 95 970
51 96 701
51 97 598
51 98 848
51 99 637
52 53 994
52 54 663
52 55 632
52 56 227
52 57 745
52 58 990
52 59 16
52 60 113
52 61 567
52 62 242
52 63 816
52 64 294
52 65 194
52 66 302
52 67 515
52 68 173
52 69 509
52 70 51
52 71 633
52 72 293
52 73 155
52 74 256
52 75 716
52 76 958
52 77 267
52 78 232
52 79 813
52 80 21
52 81 333
52 82 275
52 83 743
52 84 361
52 85 501
52 86 775
52 87 172
52 88 887
52 89 861
52 90 824
52 91 320
52 92 587
52 93 656
52 94 405
52 95 811
52 96 312
52 97 620
52 98 293
52 99 698
53 54 410
53 55 871
53 56 866
53 57 176
53 58 1002
53 59 726
53 60 998
53 61 89
53 62 993
53 63 210
53 64 763
53 65 991
53 66 856
53 67 971
53 68 639
53 69 321
53 70 40
53 71 985
53 72 967
53 73 48
53 74 278
53 75 809
53 76 643
53 77 996
53 78 33
53 79 493
53 80 115
53 81 23
53 82 503
53 83 56
53 84 512
53 85 272
53 86 116
53 87 688
53 88 582
53 89 994
53 90 797
53 91 157
53 92 352
53 93 742
53 94 452
53 95 640
53 96 565
53 97 151
53 98 821
53 99 151
54 55 810
54 56 644
54 57 904
54 58 713
54 59 480
54 60 731
54 61 408
54 62 669
54 63 703
54 64 932
54 65 979
54 66 64
54 67 610
54 68 764
54 69 427
54 70 14
54 71 309
54 72 675
54 73 469
54 74 160
54 75 557
54 76 128
54 77 55
54 78 887
54 79 424
54 80 555
54 81 655
54 82 400
54 83 845
54 84 251
54 85 922
54 86 665
54 87 372
54 88 225
54 89 539
54 90 283
54 91 864
54 92 293
54 93 180
54 94 240
54 95 188
54 96 232
54 97 1001
54 98 758
54 99 141
55 56 642
55 57 611
55 58 797
55 59 198
55 60 28
55 61 763
55 62 358
55 63 1001
55 64 448
55 65 48
55 66 149
55 67 245
55 68 392
55 69 506
55 70 432
55 71 659
55 72 85
55 73 208
55 74 328
55 75 766
55 76 97
55 77 415
55 78 239
55 79 682
55 80 942
55 81 75
55 82 882
55 83 979
55 84 752
55 85 563
55 86 378
55 87 33
55 88 633
55 89 856
55 90 270
55 91 619
55 92 204
55 93 647
55 94 763
55 95 130
55 96 660
55 97 392
55 98 430
55 99 543
56 57 797
56 58 261
56 59 625
56 60 608
56 61 811
56 62 230
56 63 748
56 64 431
56 65 667
56 66 124
56 67 766
56 68 107
56 69 878
56 70 5
56 71 749
56 72 883
56 73 493
56 74 249
56 75 826
56 76 928
56 77 777
56 78 930
56 79 480
56 80 938
56 81 986
56 82 889
56 83 262
56 84 774
56 85 67
56 86 598
56 87 243
56 88 439
56 89 531
56 90 831
56 91 202
56 92 371
56 93 887
56 94 510
56 95 254
56 96 199
56 97 630
56 98 380
56 99 688
57 58 325
57 59 974
57 60 154
57 61 478
57 62 868
57 63 973
57 64 530
57 65 718
57 66 241
57 67 250
57 68 105
57 69 108
57 70 989
57 71 909
57 72 608
57 73 384
57 74 7
57 75 268
57 76 755
57 77 123
57 78 748
57 79 568
57 80 482
57 81 100
57 82 868
57 83 368
57 84 534
57 85 38
57 86 599
57 87 828
57 88 478
57 89 4
57 90 831
57 91 628
57 92 442
57 93 736
57 94 599
57 95 394
57 96 463
57 97 775
57 98 700
57 99 988
58 59 389
58 60 17
58 61 996
58 62 191
58 63 349
58 64 296
58 65 517
58 66 769
58 67 616
58 68 631
58 69 750
58 70 870
58 71 60
58 72 126
58 73 403
58 74 910
58 75 599
58 76 707
58 77 85
58 78 620
58 79 369
58 80 50
58 81 201
58 82 609
58 83 293
58 84 976
58 85 667
58 86 170
58 87 224
58 88 125
58 89 882
58 90 64
58 91 293
58 92 400
58 93 877
58 94 263
58 95 937
58 96 575
58 97 998
58 98 833
58 99 507
59 60 119
59 61 350
59 62 539
59 63 837
59 64 961
59 65 753
59 66 464
59 67 433
59 68 734
59 69 276
59 70 277
59 71 126
59 72 876
59 73 556
59 74 750
59 75 866
59 76 681
59 77 360
59 78 935
59 79 109
59 80 71
59 81 602
59 82 380
59 83 67
59 84 705
59 85 714
59 86 773
59 87 386
59 88 205
59 89 460
59 90 628
59 91 420
59 92 426
59 93 915
59 94 737
59 95 903
59 96 228
59 97 846
59 98 120
59 99 36
60 61 310
60 62 481
60 63 825
60 64 637
60 65 168
60 66 791
60 67 249
60 68 522
60 69 585
60 70 591
60 71 767
60 72 69
60 73 254
60 74 292
60 75 674
60 76 693
60 77 635
60 78 50
60 79 352
60 80 296
60 81 41
60 82 990
60 83 618
60 84 389
60 85 953
60 86 741
60 87 231
60 88 1001
60 89 192
60 90 312
60 91 261
60 92 375
60 93 188
60 94 710
60 95 967
60 96 445
60 97 950
60 98 650
60 99 372
61 62 197
61 63 216
61 64 503
61 65 964
61 66 106
61 67 793
61 68 625
61 69 512
61 70 660
61 71 454
61 72 590
61 73 314
61 74 389
61 75 116
61 76 453
61 77 99
61 78 180
61 79 355
61 80 285
61 81 844
61 82 226
61 83 989
61 84 401
61 85 407
61 86 460
61 87 839
61 88 362
61 89 623
61 90 984
61 91 495
61 92 654
61 93 213
61 94 491
61 95 359
61 96 168
61 97 805
61 98 642
61 99 377
62 63 888
62 64 528
62 65 424
62 66 916
62 67 965
62 68 186
62 69 503
62 70 101
62 71 791
62 72 967
62 73 530
62 74 777
62 75 466
62 76 546
62 77 795
62 78 162
62 79 672
62 80 838
62 81 729
62 82 832
62 83 534
62 84 465
62 85 500
62 86 642
62 87 402
62 88 702
62 89 44
62 90 590
62 91 819
62 92 250
62 93 454
62 94 637
62 95 377
62 96 256
62 97 712
62 98 562
62 99 735
63 64 713
63 65 600
63 66 309
63 67 727
63 68 718
63 69 448
63 70 227
63 71 828
63 72 288
63 73 276
63 74 664
63 75 925
63 76 739
63 77 663
63 78 687
63 79 785
63 80 309
63 81 130
63 82 409
63 83 502
63 84 365
63 85 695
63 86 508
63 87 615
63 88 474
63 89 670
63 90 614
63 91 469
63 92 226
63 93 990
63 94 731
63 95 388
63 96 85
63 97 990
63 98 691
63 99 58
64 65 912
64 66 907
64 67 896
64 68 915
64 69 6
64 70 125
64 71 854
64 72 113
64 73 588
64 74 478
64 75 251
64 76 299
64 77 724
64 78 666
64 79 217
64 80 411
64 81 332
64 82 93
64 83 434
64 84 412
64 85 407
64 86 538
64 87 220
64 88 851
64 89 869
64 90 688
64 91 477
64 92 877
64 93 247
64 94 642
64 95 144
64 96 362
64 97 710
64 98 390
64 99 536
65 66 128
65 67 548
65 68 381
65 69 965
65 70 891
65 71 234
65 72 589
65 73 93
65 74 724
65 75 492
65 76 948
65 77 132
65 78 128
65 79 26
65 80 550
65 81 551
65 82 226
65 83 352
65 84 961
65 85 774
65 86 987
65 87 681
65 88 279
65 89 184
65 90 777
65 91 823
65 92 571
65 93 899
65 94 830
65 95 334
65 96 879
65 97 924
65 98 866
65 99 514
66 67 510
66 68 404
66 69 532
66 70 822
66 71 686
66 72 876
66 73 869
66 74 78
66 75 240
66 76 858
66 77 197
66 78 239
66 79 186
66 80 996
66 81 538
66 82 669
66 83 892
66 84 236
66 85 654
66 86 758
66 87 667
66 88 725
66 89 128
66 90 118
66 91 755
66 92 133
66 93 126
66 94 377
66 95 328
66 96 860
66 97 922
66 98 184
66 99 558
67 68 452
67 69 850
67 70 630
67 71 727
67 72 985
67 73 237
67 74 698
67 75 389
67 76 506
67 77 242
67 78 595
67 79 89
67 80 465
67 81 219
67 82 863
67 83 707
67 84 976
67 85 475
67 86 28
67 87 27
67 88 996
67 89 899
67 90 954
67 91 448
67 92 662
67 93 531
67 94 728
67 95 191
67 96 167
67 97 247
67 98 590
67 99 158
68 69 28
68 70 207
68 71 235
68 72 873
68 73 827
68 74 28
68 75 713
68 76 364
68 77 597
68 78 664
68 79 782
68 80 546
68 81 141
68 82 70
68 83 420
68 84 134
68 85 767
68 86 314
68 87 715
68 88 809
68 89 220
68 90 217
68 91 604
68 92 563
68 93 173
68 94 100
68 95 641
68 96 661
68 97 926
68 98 25
68 99 444
69 70 366
69 71 766
69 72 275
69 73 46
69 74 20
69 75 603
69 76 67
69 77 537
69 78 21
69 79 523
69 80 174
69 81 88
69 82 423
69 83 536
69 84 121
69 85 45
69 86 253
69 87 260
69 88 883
69 89 179
69 90 891
69 91 806
69 92 442
69 93 253
69 94 900
69 95 299
69 96 201
69 97 206
69 98 201
69 99 776
70 71 832
70 72 907
70 73 589
70 74 631
70 75 804
70 76 838
70 77 103
70 78 537
70 79 641
70 80 964
70 81 568
70 82 851
70 83 797
70 84 169
70 85 246
70 86 883
70 87 30
70 88 890
70 89 32
70 90 277
70 91 439
70 92 844
70 93 194
70 94 25
70 95 23
70 96 603
70 97 75
70 98 7
70 99 747
71 72 342
71 73 477
71 74 78
71 75 941
71 76 121
71 77 589
71 78 1001
71 79 20
71 80 218
71 81 492
71 82 340
71 83 502
71 84 305
71 85 333
71 86 21
71 87 100
71 88 441
71 89 352
71 90 206
71 91 149
71 92 860
71 93 790
71 94 282
71 95 13
71 96 734
71 97 374
71 98 334
71 99 943
72 73 808
72 74 359
72 75 746
72 76 497
72 77 800
72 78 423
72 79 520
72 80 783
72 81 215
72 82 244
72 83 660
72 84 66
72 85 92
72 86 361
72 87 52
72 88 259
72 89 783
72 90 763
72 91 651
72 92 499
72 93 992
72 94 741
72 95 88
72 96 756
72 97 233
72 98 968
72 99 612
73 74 485
73 75 937
73 76 287
73 77 284
73 78 274
73 79 699
73 80 146
73 81 532
73 82 451
73 83 934
73 84 176
73 85 277
73 86 254
73 87 230
73 88 555
73 89 799
73 90 791
73 91 499
73 92 319
73 93 971
73 94 519
73 95 608
73 96 428
73 97 226
73 98 882
73 99 671
74 75 988
74 76 66
74 77 597
74 78 579
74 79 894
74 80 547
74 81 48
74 82 142
74 83 828
74 84 684
74 85 89
74 86 92
74 87 178
74 88 324
74 89 457
74 90 623
74 91 448
74 92 85
74 93 875
74 94 188
74 95 642
74 96 251
74 97 426
74 98 543
74 99 246
75 76 878
75 77 514
75 78 971
75 79 246
75 80 412
75 81 754
75 82 228
75 83 870
75 84 236
75 85 40
75 86 912
75 87 480
75 88 470
75 89 133
75 90 635
75 91 630
75 92 830
75 93 83
75 94 18
75 95 552
75 96 490
75 97 676
75 98 187
75 99 79
76 77 634
76 78 165
76 79 331
76 80 745
76 81 256
76 82 675
76 83 392
76 84 758
76 85 120
76 86 940
76 87 976
76 88 490
76 89 745
76 90 162
76 91 713
76 92 900
76 93 253
76 94 915
76 95 930
76 96 757
76 97 942
76 98 21
76 99 1001
77 78 294
77 79 345
77 80 416
77 81 959
77 82 252
77 83 503
77 84 275
77 85 938
77 86 21
77 87 473
77 88 36
77 89 346
77 90 455
77 91 157
77 92 627
77 93 350
77 94 742
77 95 63
77 96 422
77 97 479
77 98 623
77 99 169
78 79 466
78 80 236
78 81 92
78 82 493
78 83 984
78 84 312
78 85 415
78 86 930
78 87 70
78 88 961
78 89 921
78 90 574
78 91 176
78 92 378
78 93 381
78 94 11
78 95 271
78 96 324
78 97 353
78 98 109
78 99 561
79 80 136
79 81 21
79 82 10
79 83 376
79 84 249
79 85 752
79 86 331
79 87 975
79 88 784
79 89 391
79 90 35
79 91 803
79 92 815
79 93 198
79 94 125
79 95 167
79 96 185
79 97 724
79 98 275
79 99 650
80 81 762
80 82 122
80 83 420
80 84 380
80 85 651
80 86 165
80 87 69
80 88 455
80 89 857
80 90 500
80 91 604
80 92 507
80 93 591
80 94 508
80 95 976
80 96 101
80 97 57
80 98 682
80 99 805
81 82 848
81 83 411
81 84 960
81 85 103
81 86 156
81 87 224
81 88 476
81 89 573
81 90 846
81 91 431
81 92 77
81 93 224
81 94 440
81 95 787
81 96 472
81 97 44
81 98 435
81 99 674
82 83 410
82 84 606
82 85 467
82 86 417
82 87 550
82 88 278
82 89 106
82 90 510
82 91 866
82 92 391
82 93 751
82 94 806
82 95 325
82 96 461
82 97 448
82 98 560
82 99 83
83 84 238
83 85 749
83 86 145
83 87 916
83 88 588
83 89 799
83 90 305
83 91 986
83 92 666
83 93 969
83 94 486
83 95 586
83 96 397
83 97 982
83 98 24
83 99 581
84 85 493
84 86 187
84 87 412
84 88 399
84 89 244
84 90 982
84 91 445
84 92 935
84 93 462
84 94 592
84 95 128
84 96 49
84 97 458
84 98 111
84 99 183
85 86 400
85 87 480
85 88 423
85 89 553
85 90 248
85 91 875
85 92 497
85 93 119
85 94 83
85 95 665
85 96 4
85 97 906
85 98 745
85 99 920
86 87 820
86 88 723
86 89 494
86 90 171
86 91 112
86 92 387
86 93 607
86 94 638
86 95 456
86 96 396
86 97 141
86 98 574
86 99 735
87 88 951
87 89 885
87 90 284
87 91 333
87 92 912
87 93 903
87 94 44
87 95 560
87 96 24
87 97 702
87 98 465
87 99 109
88 89 329
88 90 119
88 91 156
88 92 161
88 93 159
88 94 805
88 95 380
88 96 677
88 97 548
88 98 84
88 99 560
89 90 513
89 91 948
89 92 309
89 93 83
89 94 239
89 95 811
89 96 794
89 97 982
89 98 532
89 99 572
90 91 675
90 92 685
90 93 307
90 94 131
90 95 471
90 96 483
90 97 555
90 98 429
90 99 247
91 92 879
91 93 193
91 94 143
91 95 199
91 96 483
91 97 601
91 98 956
91 99 54
92 93 266
92 94 441
92 95 187
92 96 641
92 97 451
92 98 206
92 99 304
93 94 307
93 95 995
93 96 276
93 97 122
93 98 559
93 99 351
94 95 416
94 96 885
94 97 225
94 98 194
94 99 920
95 96 137
95 97 570
95 98 60
95 99 413
96 97 314
96 98 586
96 99 196
97 98 544
97 99 449
98 99 315
27 72 5843
97 63 233
78 34 6508
70 8 17975
42 15 209
51 41 18666
29 32 17606
55 18 3318
54 3 7214
21 78 13575
14 39 15992
57 24 27348
47 85 9062
3 19 30615
58 47 4753
30 84 5727
27 77 25952
82 43 2511
51 64 19682
78 58 20474
54 91 29517
21 81 20702
34 54 28161
31 74 632
23 12 29585
77 50 15446
67 38 23560
18 96 12981
79 27 24807
4 65 21906
5 73 24455
94 64 10799
72 76 23532
39 71 13817
7 6 31532
68 82 18399
17 11 29678
60 73 26993
65 55 22710
51 95 4957
89 65 29429
66 7 31014
50 30 30491
9 76 28211
73 24 30994
7 11 6780
60 94 1527
9 60 32640
18 83 29415
88 87 15953
30 41 6711
41 90 13777
52 77 14199
4 51 31863
78 92 10246
13 76 31547
19 41 22830
40 95 6001
5 33 28151
44 88 30652
20 33 30259
5 67 5228
34 50 15732
66 67 32211
57 39 5101
7 19 9088
4 85 19558
83 3 32094
77 90 20946
39 63 21543
16 13 31781
7 14 6323
61 28 32631
4 3 20989
82 35 16802
14 79 14336
85 63 25045
74 26 9657
51 12 6866
60 7 14055
11 39 13272
49 58 13931
88 5 15709
5 52 2133
57 80 11821
30 41 1783
41 27 27271
35 41 27810
92 22 8779
4 90 27601
3 58 5214
84 56 5614
78 70 29890
22 95 13562
11 55 16420
82 22 22202
65 96 707
96 62 2106
27 17 20990
0 0