7950
11121
7537
6686
11795
4151
4756
5598
4546
9050
6271
8626
15877
5099
5642
3326
8081
6644
8166
5982
4969
8337
9555
9351
5888
11871
8191
11144
5898
7643
4725
7058
7055
7412
10365
10714
9143
8967
10090
7176
6050
7848
11610
3169
7756
8084
7430
4137
7520
4504
11972
9086
7603
7159
6849
5437
7216
5581
9242
7387
12643
11819
11416
6459
7130
12942
6591
8587
7447
6154
10030
6350
11338
6537
8779
5954
10928
6682
3929
2956
8721
3941
9841
8270
6632
10430
9859
7626
7703
6138
8659
6272
7152
9056
4156
7709
10918
7042
3603
9696
4418
9917
7523
4997
4393
6472
10202
9400
6136
14484
6438
7134
12088
5621
9447
9824
8184
8626
10429
5952
7334
9605
5849
8077
8066
5457
5940
10070
13667
3123
5596
8436
16176
12083
12261
7030
8005
18078
7123
9807
7894
7918
11720
7572
3802
3352
10246
15824
10787
7993
8663
5263
8485
4136
6485
6790
8050
8111
8295
9428
7991
10904
9432
12759
6490
8949
9989
12259
7088
7257
8648
6993
6184
8866
5910
7692
4884
6425
6053
5793
13292
8194
5646
14152
5270
11057
6726
17018
5894
6554
6309
6229
9722
3317
9030
8001
8023
12215
10923
9656
12236
6835
10083
7469
5477
12042
8797
6429
8402
7598
4293
15759
13241
9133
10887
6153
5065
9617
7698
4890
9021
5639
9447
14199
8664
7181
13636
6945
8208
5623
7934
3954
7424
5971
8908
6732
9327
5609
4785
9238
15067
4842
6971
6583
10188
9335
8583
10484
8291
11103
8060
12571
10069
9653
6165
7213
11891
8391
8039
5552
11163
8300
11319
10907
7547
5834
8875
9317
5169
7559
6558
5939
8802
9215
8097
4690
5144
5861
6012
12767
12569
10652
2468
7483
7162
7266
8105
13956
6759
3983
6326
9012
5596
8233
8761
5833
12377
5645
4393
7144
11366
6368
7203
7867
13601
7804
12582
9667
7384
15987
8370
12138
6732
6894
10365
9387
10533
10966
4208
10219
13223
7186
8833
7063
5140
6528
5137
6570
8977
9878
12699
4499
9256
5836
4549
7834
10601
6886
7653
5739
8551
5494
8580
6659
16672
9811
15171
8333
10733
7820
13971
4985
9293
10767
5545
7165
7968
7763
8814
7299
10238
17254
4747
10767
10228
8713
3386
6185
6811
9083
9287
6278
12006
2926
7578
4980
8015
7938
8565
9763
5588
9391
7863
7381
6950
8005
7660
10804
7356
10054
13412
8112
6214
5627
7663
9732
3863
7037
7116
8430
11100
9818
11625
9869
12563
10399
9587
10170
6948
11238
6933
8904
6757
7468
12732
9470
10716
14060
7555
10386
14583
10273
5250
2467
7673
11734
11259
5438
10685
11364
9060
5436
8422
8705
5141
8489
5256
4788
7435
7577
8665
7842
11604
7410
6209
8446
7497
7679
6767
10079
10761
6940
10074
10069
9686
9839
9370
7811
7251
12604
10301
2251
9764
2857
10043
8998
6442
10261
6373
7655
10923
4130
7453
4437
13135
9369
10392
8331
7184
6491
6534
9549
7268
5049
13845
5576
12669
10019
6749
6607
12274
9270
11924
8892
8160
7666
12390
6506
4325
12220
9256
7298
3283
7737
8880
9791
9491
4533
7311
7943
11274
10637
8863
7961
7229
10044
9542
8700
6909
7476
8286
6948
8282
4991
10510
6531
9596
5032
7277
8935
8301
12867
6758
4852
6230
8450
11802
10170
12183
5359
6955
9772
2846
11395
9608
2959
7481
11093
11002
7887
7165
13486
9549
18167
11231
5857
7766
10574
9916
7034
5412
10688
6941
9457
8520
10497
16260
7066
4313
5335
10552
4149
9206
9140
7548
7157
7326
6955
2525
7925
9442
8607
4383
7038
5108
3832
6775
10496
8850
6023
9631
7811
5950
7252
9808
7956
7692
4952
9246
7794
13827
6783
7310
8961
7629
10085
8453
3610
10259
6123
9805
6214
8126
2789
8195
12230
8436
9678
13056
5433
10062
9659
6581
5908
6722
5767
5973
5343
14629
7101
5057
8924
10632
8306
13331
5379
6058
6519
6185
13345
8965
6180
4381
8920
5880
11067
8014
8369
6335
12994
12239
9530
13611
8393
7307
4969
8784
11670
8207
6911
6946
12941
10869
8016
5403
8382
7625
3883
6232
11416
8031
8172
7595
6900
4249
9298
14045
12969
8941
5545
12054
9369
12015
7777
5193
8915
6632
8606
7594
13113
9222
9177
8933
6528
11205
10579
12288
11926
8097
4417
11734
11741
3787
12111
6289
10122
8321
7258
4637
5525
12183
6584
4323
6709
9279
5951
12223
5820
4023
10504
9997
7936
10652
10990
6590
7451
5966
9257
7145
9154
8403
7031
4010
3014
8803
7825
7427
8479
7922
9142
9337
8525
7170
4762
6482
7346
12629
5049
9568
9385
9792
12850
8877
7116
6731
4979
10582
6795
9712
11290
8160
7669
11598
10730
13475
6840
10111
14969
9005
9746
6895
9697
8056
6175
8902
8475
8553
7576
8323
12598
9978
8872
9961
8346
7869
8880
11307
5458
4513
8019
6564
6532
9337
5315
6285
6571
3547
9992
5139
7557
7930
14137
4955
9328
5602
9236
7695
10650
6044
12257
10037
5640
8176
10507
9006
6574
10482
13524
8967
5145
5719
6213
6333
6147
13666
6973
5873
7830
7051
9553
7968
11225
2765
9160
9701
6917
5897
8791
4018
9246
11239
5293
6505
6786
9103
8127
7525
9604
17455
10895
4825
8973
13643
12101
9362
8670
8553
5660
8766
7179
4007
5577
7735
4825
8555
16036
10724
8970
5506
9228
8835
5149
13833
11316
7174
9522
10222
8258
4376
10934
7335
10949
8186
7065
7681
7071
5220
6566
4807
6012
10735
7775
7657
13955
8851
6524
11773
8188
9658
10164
7838
6717
9403
3261
8653
7668
6311
12811
10135
8873
8007
5580
3914
8376
10506
9277
8680
4518
7568
4323
8816
8782
7224
7302
5630
5546
6658
5274
6038
9073
12494
7864
7643
7199
6038
10225
7789
7249
6360
4203
10016
10909
9639
8449
3849
6460
7325
12947
10632
6419
6460
7221
5451
4411
6817
8823
7868
11747
11846
6590
6207
7704
11843
7973
7866
3192
11319
12921
6959
9138
13371
12560
5976
7667
9216
8123
8490
5204
6904
7641
9847
3604
11583
7815
8989
9548
3914
5052
3863
14695
8427
7217
8577
9494
3812
9468
9842
5951
8671
5266
8051
4787
10064
11388
7121
10669
8718
7850
3857
7653
6841
10982
8231
10423
5329
8067
13405
6714
15378
8834
5423
9601
6456
7046
7224
9920
8923
8081
8291
6038
15369
7425
7468
8563
7133
17232
6849
5446
11733
5639
9262
4307
12972
8442
14426
10932
9030
4940
9559
10079
13014
4960
6520
2676
12829
5827
11208
6242
6658
7760
8745
9590
8172
5562
7036
12473
6037
5764
6075
10625
9774
6584
10245
4791
9358
8160
7581
11483
10061
4225
5119
7215
4878
8925
10545
4821
8030
5380
10408
5628
9656
4654
4046
11342
6252
12835
7143
3769
5631
5685
5866
9216
5695
16564
8186
10033
7572
7758
5110
6790
9008
7360
9650
9030
6184
11074
9045
9746
6099
13624
11217
4655
4807
4731
11786
11185
17781
6741
9695
4737
10851
8510
6164
11690
13259
2337
7331
6080
3701
10667
3765
5999
4638
9205
8754
8844
11432
7725
9488
5498
6856
7279
8696
14140
4181
6778
12219
9158
9980
10135
9791
12142
7777
8364
10634
5833
5003
10077
9930
6356
13001
8018
7506
9844
7573
4361
8084
4854
7187
5300
7878
8651
5003
9903
9139
9459
10420
4886
8064
7032
8675
9275
6454
8654
9040
6138
11059
6286
6017
9379
5319
9454
10765
10015
7192
8719
11660
3833
7760
11173
6572
9582
8256
10939
9541
5254
8146
5015
9011
7795
7791
12501
13994
5893
6945
8739
8657
7567
8479
4891
8667
6316
9123
10983
3769
5487
6699
9431
6649
11158
11476
5010
7586
5882
7693
6988
11593
11332
8993
10691
4271
7067
5449
10292
8931
4455
10572
12204
8410
8882
5944
9491
9054
9381
12376
7230
9302
5965
9655
7248
10368
4719
8203
11812
14573
6526
10812
8238
5911
9338
11508
11285
9143
11516
9753
10164
7446
7946
12632
6227
5430
5771
19426
7391
7187
8782
12225
8962
7093
12333
7862
6132
7591
10331
6259
10212
5851
7089
4361
5699
12009
6982
10139
9254
8635
7191
9649
4845
6337
12548
6207
9016
7110
9667
8089
6018
8156
6962
7433
5715
8893
6861
6796
9756
4146
7949
10390
6201
9636
7646
11114
6115
3200
13984
5368
6518
6329
2265
9358
4151
10017
9030
10577
4882
14195
9611
4323
12699
10383
8125
5424
10150
11913
6696
4572
7676
11333
6808
8145
9042
7952
9274
17102
12303
7717
5942
5456
7509
8557
8866
9841
8535
5328
3351
7984
8664
7457
10687
8045
8184
12989
6884
12311
6162
7333
15447
5324
9175
6428
9779
4904
13305
7880
9392
5123
5603
7940
10899
3358
7477
5257
6062
3702
6566
10906
7147
9983
9216
4370
5033
9351
5630
14372
6597
9356
12515
10413
3265
6793
14104
9776
7239
13884
4377
7806
9670
4193
8304
12423
5968
6825
12720
4287
4908
5978
7903
6711
3547
9969
10100
12980
13113
8319
15451
10140
5462
8215
7845
8956
6031
10847
6745
9724
6695
12891
8230
10017
11354
3697
5400
7041
7087
8395
8791
5189
9320
8258
8992
6171
6891
8570
6143
10385
7109
8921
5943
9111
7083
7683
4613
8234
14036
8461
2918
6839
13070
6053
3588
8847
4124
12542
5124
3321
5415
4706
11589
4542
6422
4277
3401
11240
8151
6207
4741
7495
9901
12298
6444
5581
10686
8421
8077
6984
14794
8064
9722
6238
7449
15404
10084
8987
7124
10229
7420
8409
7752
9022
4886
5141
3783
10182
4337
8900
8333
11585
10136
6561
7110
7210
11349
7250
6835
9679
4886
7383
9732
10431
7203
9346
8322
10880
13628
10244
9544
8407
8711
12502
7995
12684
5601
13796
10512
3560
4606
14132
8163
8594
9971
6551
4459
12549
7746
9711
8115
6854
11111
10327
5440
7144
5951
5896
8580
6475
14895
6138
11050
8266
7856
9489
8252
9755
10267
8461
8242
6650
14129
10371
9014
5978
9247
9853
5849
9142
8529
6917
10620
11929
8312
6248
8308
8342
8592
7484
6099
12398
9989
8346
8810
7102
7679
4566
7016
5246
7625
12376
11460
6709
6955
5057
12804
10687
5082
9140
11026
11273
6248
2415
7909
17003
12889
5628
6246
8445
5001
8160
9853
5713
20934
8345
9343
10694
5784
11934
6909
7387
7921
9561
2142
9680
8545
7821
11638
8270
4695
4983
9208
5715
5417
7159
9419
8160
8035
13150
10832
7443
6820
7977
9897
6883
5514
12232
10464
5375
12145
10046
9840
5583
7632
9784
11223
6521
8228
13199
8672
8723
8144
8089
19437
11820
8570
11224
7719
14391
8556
6884
12662
6405
4815
7168
12663
12735
7374
7161
9236
6455
9183
7066
5469
6729
8637
6880
3723
8825
7993
6287
6628
7985
5279
9656
8396
6351
6612
6334
8230
9406
7744
5634
3500
10493
6967
8858
14580
7632
10436
6075
9410
14393
8936
9146
6225
6841
9597
9073
11758
8337
6369
8302
8107
6943
10801
9169
10919
11827
5040
11182
11130
8697
7417
6514
8026
9676
12860
5722
5664
7189
9962
9632
5162
8156
5506
6052
4937
7876
7314
6838
7618
8859
6040
9054
5948
11383
5673
8292
11095
5008
11308
5428
7957
7685
9919
4982
9788
4728
5582
5534
6721
6789
6602
7331
8217
13913
4718
8502
6381
10983
11209
11693
6347
12914
7335
8262
11931
8149
13900
6648
9931
5648
6624
8875
5164
17037
7750
11844
13182
7590
9598
9490
3104
5621
7847
11346
5188
4992
6892
7047
10967
8393
7920
9890
7327
9897
8718
8975
16137
6490
6200
16364
9468
8128
7077
8300
10095
9626
6695
12262
7535
6527
11515
5919
10761
5619
7098
7935
6168
8691
11600
7644
10629
11534
9982
10308
4554
7115
12450
10016
7659
6965
8441
10451
10989
5439
6849
7032
9092
14235
10814
9816
9786
12622
7224
6254
10761
5299
7028
7678
11147
7430
7855
9269
6976
9811
9552
11017
7371
5475
10650
13875
8843
11442
9325
6056
5942
11081
8979
10905
8811
5817
7729
6953
5885
12684
6857
13334
4128
7366
13457
10465
10716
10490
14401
12343
7106
6711
8549
9678
12366
8551
5576
8900
6228
9726
6999
9242
10738
4106
4694
8408
6240
17124
8647
10651
6713
13003
11034
9014
12069
3726
8953
6845
10932
13344
13651
7067
5359
7911
6837
13985
9790
6683
7228
6687
8374
7228
8824
10640
8044
7309
5099
4252
11130
