30 435
1 2 106
1 3 371
1 4 509
1 5 524
1 6 353
1 7 163
1 8 285
1 9 480
1 10 297
1 11 500
1 12 284
1 13 438
1 14 284
1 15 224
1 16 479
1 17 306
1 18 469
1 19 210
1 20 428
1 21 259
1 22 604
1 23 415
1 24 296
1 25 219
1 26 496
1 27 214
1 28 345
1 29 383
1 30 274
2 3 452
2 4 584
2 5 592
2 6 402
2 7 205
2 8 328
2 9 514
2 10 345
2 11 531
2 12 379
2 13 505
2 14 389
2 15 258
2 16 512
2 17 267
2 18 482
2 19 285
2 20 488
2 21 365
2 22 661
2 23 480
2 24 216
2 25 325
2 26 600
2 27 310
2 28 359
2 29 461
2 30 341
3 4 142
3 5 168
3 6 165
3 7 275
3 8 202
3 9 264
3 10 181
3 11 290
3 12 120
3 13 100
3 14 238
3 15 254
3 16 269
3 17 444
3 18 343
3 19 173
3 20 126
3 21 263
3 22 267
3 23 95
3 24 546
3 25 278
3 26 302
3 27 172
3 28 297
3 29 21
3 30 129
4 5 49
4 6 236
4 7 405
4 8 303
4 9 263
4 10 280
4 11 282
4 12 257
4 13 97
4 14 362
4 15 370
4 16 270
4 17 546
4 18 369
4 19 311
4 20 138
4 21 391
4 22 152
4 23 124
4 24 664
4 25 413
4 26 347
4 27 316
4 28 372
4 29 129
4 30 254
5 6 223
5 7 407
5 8 296
5 9 226
5 10 273
5 11 243
5 12 287
5 13 90
5 14 399
5 15 366
5 16 233
5 17 531
5 18 335
5 19 322
5 20 120
5 21 426
5 22 106
5 23 117
5 24 654
5 25 445
5 26 397
5 27 339
5 28 352
5 29 149
5 30 260
6 7 200
6 8 76
6 9 137
6 10 57
6 11 162
6 12 232
6 13 137
6 14 354
6 15 149
6 16 138
6 17 305
6 18 186
6 19 160
6 20 101
6 21 366
6 22 266
6 23 111
6 24 424
6 25 361
6 26 469
6 27 232
6 28 138
6 29 154
6 30 100
7 8 125
7 9 318
7 10 142
7 11 338
7 12 235
7 13 307
7 14 306
7 15 61
7 16 317
7 17 209
7 18 308
7 19 106
7 20 287
7 21 297
7 22 461
7 23 281
7 24 274
7 25 271
7 26 493
7 27 177
7 28 186
7 29 274
7 30 146
8 9 195
8 10 22
8 11 217
8 12 228
8 13 203
8 14 338
8 15 72
8 16 194
8 17 242
8 18 206
8 19 117
8 20 173
8 21 342
8 22 342
8 23 176
8 24 352
8 25 329
8 26 484
8 27 204
8 28 109
8 29 196
8 30 85
9 10 185
9 11 26
9 12 362
9 13 189
9 14 487
9 15 259
9 16 7
9 17 351
9 18 111
9 19 297
9 20 146
9 21 501
9 22 212
9 23 177
9 24 486
9 25 499
9 26 576
9 27 369
9 28 172
9 29 250
9 30 237
10 11 208
10 12 216
10 13 181
10 14 329
10 15 92
10 16 185
10 17 264
10 18 209
10 19 116
10 20 152
10 21 336
10 22 322
10 23 154
10 24 375
10 25 326
10 26 469
10 27 198
10 28 122
10 29 175
10 30 72
11 12 389
11 13 214
11 14 514
11 15 278
11 16 23
11 17 357
11 18 101
11 19 322
11 20 171
11 21 527
11 22 219
11 23 203
11 24 493
11 25 525
11 26 602
11 27 395
11 28 182
11 29 276
11 30 263
12 13 218
12 14 124
12 15 242
12 16 359
12 17 434
12 18 411
12 19 131
12 20 235
12 21 144
12 22 387
12 23 207
12 24 509
12 25 158
12 26 259
12 27 71
12 28 331
12 29 141
12 30 141
13 14 339
13 15 275
13 16 193
13 17 446
13 18 284
13 19 231
13 20 45
13 21 362
13 22 173
13 23 27
13 24 564
13 25 375
13 26 385
13 27 259
13 28 274
13 29 78
13 30 168
14 15 328
14 16 480
14 17 505
14 18 526
14 19 219
14 20 358
14 21 34
14 22 502
14 23 329
14 24 553
14 25 74
14 26 216
14 27 132
14 28 434
14 29 259
14 30 253
15 16 257
15 17 194
15 18 247
15 19 114
15 20 243
15 21 333
15 22 412
15 23 243
15 24 288
15 25 313
15 26 507
15 27 201
15 28 127
15 29 250
15 30 123
16 17 346
16 18 104
16 19 298
16 20 152
16 21 504
16 22 218
16 23 183
16 24 481
16 25 501
16 26 582
16 27 371
16 28 168
16 29 256
16 30 239
17 18 266
17 19 307
17 20 398
17 21 513
17 22 539
17 23 409
17 24 133
17 25 484
17 26 705
17 27 390
17 28 177
17 29 436
17 30 316
18 19 326
18 20 242
18 21 551
18 22 319
18 23 270
18 24 406
18 25 540
18 26 663
18 27 412
18 28 124
18 29 336
18 30 281
19 20 221
19 21 224
19 22 397
19 23 206
19 24 381
19 25 210
19 26 393
19 27 88
19 28 220
19 29 179
19 30 66
20 21 380
20 22 177
20 23 32
20 24 530
20 25 388
20 26 426
20 27 265
20 28 233
20 29 106
20 30 156
21 22 529
21 23 350
21 24 535
21 25 42
21 26 245
21 27 134
21 28 437
21 29 283
21 30 262
22 23 193
22 24 694
22 25 545
22 26 501
22 27 432
22 28 376
22 29 246
22 30 334
23 24 535
23 25 361
23 26 393
23 27 241
23 28 249
23 29 74
23 30 143
24 25 511
24 26 761
24 27 445
24 28 303
24 29 530
24 30 404
25 26 287
25 27 128
25 28 423
25 29 298
25 30 258
26 27 316
26 28 575
26 29 312
26 30 388
27 28 306
27 29 188
27 30 131
28 29 290
28 30 196
29 30 131
1 2 1
1 3 1
1 4 1
1 5 1
1 6 1
1 7 1
1 8 1
1 9 1
1 10 1
1 11 1
1 12 1
1 13 1
1 14 1
1 15 1
1 16 1
1 17 1
1 18 1
1 19 1
1 20 1
1 21 1
1 22 1
1 23 1
1 24 1
1 25 1
1 26 1
1 27 1
1 28 1
1 29 1
1 30 1
0 0