1
5000
1000000000
621354620
260506328
52175182
990585400
472267910
178110294
652541532
354573136
444158966
2242204
579081808
920122678
448936016
362999046
239610038
107442650
27700486
690364698
391745250
827530874
545345802
207743286
322507836
575986420
522106634
125423330
113432464
229448980
497690632
249337754
491954312
667748814
937076778
538635226
275154224
345431388
202314770
222581810
805560382
280941398
130271572
291835890
763563494
565937044
524266450
702754282
572545484
339211434
752723160
873968810
676933804
673660540
319836710
111639676
305039296
360191070
575849570
671798296
890118038
940831150
813982264
59292606
285162376
710032530
650248306
807847148
532471722
222287104
484754210
497629646
668053434
32927252
948323786
443885704
516060552
822517786
595840872
707807678
502604094
652355892
201309104
566584272
620889262
125626622
90816794
973907772
75187858
211215758
21538876
287427946
937765746
15151758
690488520
577681340
220949786
991719628
689076448
781974756
58658766
160201364
285045486
867878532
153713184
66145280
182569384
442099092
235257196
779077066
753272480
964072898
742798028
499470944
660028012
882567840
473595978
593362486
768330306
168017668
800679160
405135288
956129582
581188706
407988042
399729154
865137522
592693616
553813000
733021116
631641738
774777656
481826302
280637596
527626502
735791104
43782288
312642794
195756120
446409546
384742434
162930730
565549338
299120658
769831570
528869710
296573822
37800814
866127972
21837088
86826154
559850748
619384348
664211430
748402616
942495100
885165602
309847886
209676754
83709538
152382326
823341446
960757002
974114856
151900054
475085824
120137488
821555868
360599672
578315580
968199122
487094382
876137810
767944008
487887360
317322960
315150704
880278232
998749550
537533384
454904710
197848120
738802340
507709690
965987322
383596652
273146068
290333910
608694464
116779124
93517452
679454940
618413344
889908358
450475192
939538940
544687160
929693674
49122744
164878986
695547990
987902990
987295944
595479918
122069494
742566534
472426678
945005104
690669150
357593756
915304838
632223406
140095696
995329858
237110702
746581652
645005952
417458456
347243756
951836974
147310986
367797882
910197086
461932268
336539652
52974216
881896278
753704252
348776052
659063152
571842906
110280946
472779406
444175300
766093352
928382144
912854344
198905934
888865000
809492696
878740864
560875024
284768310
64877860
75161348
16824432
232967322
937541708
599382096
730930742
958880482
672229132
582933728
575236388
182748330
608664660
245813744
926628242
679906060
852458088
57062532
762088680
496053526
638272152
209806694
617690024
431792456
208263482
915008318
682336214
224405832
564710334
846702372
603022352
419697136
821202672
734448574
487243242
666276858
548627218
181126426
321845860
393603482
62414526
48532478
961869974
87858230
953328992
688595538
128167500
719972246
326790404
530701562
728324816
456605250
211581070
919710770
689939830
939014834
475560402
195378512
317745590
500806954
974722606
25870466
517593384
163537618
719246054
407725968
541362204
529786544
280453520
799425856
40545492
460590744
43714140
586320006
773775542
711572476
914054848
99133540
381661290
352196456
453735742
292960422
359368976
284572058
358795310
510177522
513464504
523145174
590906722
93818992
361855572
92512308
305349930
90283178
329306096
869192976
587669914
228234278
459002756
416187834
991173360
959931896
443738416
71793810
950449616
836336956
949810678
685544934
682965602
518444804
795308328
402270130
164628330
50238580
440864206
100795026
29414814
967934578
254373556
766659908
62182732
262145806
591733292
177679792
356687842
492043438
512675026
526127098
17471832
899774038
791669900
473578224
326064784
155558524
772136782
314160002
3625886
789649632
878843978
495356448
554971268
723883484
350268768
597729180
819876516
228171332
515624354
904375432
41314878
787462618
801956330
530699006
481729994
375509710
86215940
817902032
210430234
838830914
517716836
463924154
513516364
197176766
121408966
400224062
274245482
675064810
933773928
218210778
605084112
939583562
561908634
199012282
803778948
998969974
427804336
657947832
706022980
97767296
221097374
28139982
507100328
849794508
547512160
143144356
403756918
164222462
878751024
132628300
555193756
413317756
766506204
739659400
731985056
453485612
230808624
892582086
346116108
985618528
561738728
757076532
705504988
460782124
782506296
986403334
109042880
894375064
337125146
220949494
197445834
272171600
342556496
77395778
369887168
893576844
700617268
557897728
834448070
244132964
744583402
479961626
667303478
639152016
839987224
564624282
108663730
663346958
28799810
627404556
204793774
320084138
950640730
691541514
781567552
678793862
919284402
47670404
721651698
391167538
92916286
362306348
308670320
968676196
12113954
160633448
789873146
468999108
572733412
423858774
20083142
829006484
418513448
10664088
936054454
246628824
479380110
415619866
558797786
730520074
674815356
524883734
501527258
449778072
863712782
121518578
992481644
598368602
633269042
910559366
862547198
950246356
475817520
354280110
740691486
946772646
217054136
754349718
123243366
801672600
922905034
658345616
421261530
884319118
302625672
603806750
989326312
934212072
842930938
310891610
156069656
833850244
799486850
390671694
692224742
212520216
213804252
902852878
962726172
20727872
937862280
95481494
205290286
206384700
117104994
685808082
627106556
271552558
637377472
110511054
776761284
494238484
668252788
308293090
273144102
340136650
96891806
750453708
909861296
553140832
515537054
489238816
688131656
747734642
421712048
676746098
523855298
989190688
814328362
63875756
949560890
237791218
322303820
341497616
760837518
905987470
639226466
725845266
79270508
645140872
177921968
291304172
231640068
415410636
336181640
559017510
51042050
754645580
859912866
290528928
922940702
19847906
270750746
909521800
859895948
336818312
399360292
322199104
259107312
193301474
941011516
743642596
279063186
940991142
865739748
780956732
151339172
136364266
921886964
758140280
65202010
893268438
496261624
872186350
205476782
60280440
800015040
623560786
494202386
182539938
736918192
609563830
717044232
319389652
880319794
520129254
765066178
197256566
550339950
928490220
116708466
29578338
123576920
239687444
58301436
316791958
51798034
525451628
538139708
332986470
990332232
980265166
527553802
551553888
631592762
202773720
141923182
610578294
841642974
255016672
927044176
729570720
661837628
419934948
637149472
763064886
793002366
709102104
65746154
479207656
636962944
972100810
768259056
262263138
899216454
459545322
377253674
28622046
255759934
746968098
795382516
6386428
293055306
500136228
749726784
332010708
462414310
920354616
719616764
839969504
949661622
375757870
737493668
189057424
751706212
214969080
34979596
334592560
25863614
976502826
28199406
883120484
816548658
895966922
906802804
447446454
383260400
850676228
426003334
81580152
857476904
49332872
294067444
767849576
166867102
471061110
43606662
503773466
579191826
706400212
627180938
369138672
159141116
278200948
292280198
546994706
754414464
455922638
843411432
429810770
661789736
699357118
501963224
256758212
523302400
122706022
124099378
244651522
719850260
737205848
756927452
249919772
618462276
5210278
44718318
531693518
341658088
534227132
409382048
193981500
725888898
249364182
938047060
890956306
297789212
336870690
87572514
435072832
956346780
495632548
604441710
749308084
224355288
641799836
674940240
337071278
452500430
931012120
698746968
863100630
247227056
166607354
883246040
345600884
20340620
792019682
756435900
454738734
306165144
528549074
363854062
623993346
958315238
578973544
834401542
74902968
791070428
810121890
471694468
106944788
20135142
101070478
781916088
214368628
672986666
630082498
401506586
468391574
291556292
608105078
285600520
508045580
700235902
35609844
333787064
355567084
838429322
445211026
479691568
237616108
437782888
999251718
492489960
423385150
390810506
657677518
610544286
990781900
134100982
768144138
954809730
655457272
881546996
656565286
683178070
753303794
593313000
879199070
52298892
612041430
69558984
248783174
438941410
962247780
999226442
440433104
849635732
269248180
342587810
623969606
829114720
254658392
634226084
379522284
51587830
931053360
281822808
156911980
524078388
754355774
765066452
68375456
694210984
493842042
980515180
309610160
477435206
822674466
232345196
157680106
663494030
387024466
132117670
212515484
957239706
675516378
691936638
852903024
875776494
559934204
319268976
690902284
461117362
176194082
189778064
725638264
596404352
412084800
879048410
413021600
122718858
604271604
770438560
6231650
985342612
686305146
104243552
301228702
640089472
38514212
682511790
500758202
565622570
872999966
500924474
346578030
28187068
303911696
812166290
171032574
345385532
105482350
566511690
729613634
828627306
589094128
369319984
9231220
742925674
158629918
900046596
739507428
67593978
684342778
208828698
484310768
966485456
963865510
266173406
227761474
571671560
109091124
632269664
296969582
737504196
115151364
245239560
869132160
916347740
290547482
697499236
624972502
208965780
808858360
531771378
467731402
433437608
682737690
777776808
368229522
922505090
45036190
883277040
306447444
952977856
530379600
198777032
481101094
615820918
440466678
395059020
62973876
606446400
228944898
176229632
543454224
949325074
387578398
304456586
389759620
70452186
38568974
337423392
605370806
579105814
794879144
816604068
90284938
189639006
557406154
805777240
142279998
861756160
119656396
867976774
662920094
410985510
159563142
499112634
583988990
45951436
223996508
59116976
880243374
679257568
95090312
446871860
68881996
272719386
108655618
750187290
665638614
374400504
475054972
571370918
753227414
952015746
435379622
760834898
518640368
220354892
788111276
995111388
944253398
409642436
368782096
944216154
887863816
323856148
870140266
170126894
749822662
99787856
897549790
129718078
842975522
775259202
414068332
987130024
777072410
478009506
234468798
243518072
105453118
821436702
37753182
129197868
890990916
633126642
712742150
176049224
230889528
128518300
964676410
806968554
282588348
220277030
620578922
61434826
615237618
245901442
335550712
381919594
577668228
515154986
643139888
110254746
797241190
721117572
713788246
670898262
859229462
995065598
535120648
271246732
676753884
716568064
387015576
198157740
646898652
417188012
403171430
870010332
182722310
903759758
682761368
381751180
693148532
741805554
300274402
462032238
978804216
716560730
401234916
685538326
550987524
610346898
508769554
611898062
252992336
981649404
792041806
151022132
877337654
501101294
476559096
338836430
360703890
404141868
408790174
50205980
45884284
968386640
644030580
169438486
15433500
898395622
188286194
854785696
562248922
345576004
335771330
806283080
138574264
465073882
296567116
283696044
212183244
434515502
87860434
908136088
567975120
278696506
665112034
36130732
973017798
813079096
124568914
376672132
615828592
138157148
320265046
678163320
904449086
61251778
499096356
91180812
259735454
475994868
660912364
325561094
820890290
781791844
633920128
9259618
221824892
924437132
897377770
202944236
983607492
646184304
816946556
452916258
981000440
982667330
647700470
330019334
872826084
726077556
90048984
572484502
938104130
906349834
498451070
609672192
817784028
101313456
63312828
400903852
229603846
717466050
779539532
397872876
886084222
631825816
58805782
291928004
866581404
694795794
847769530
781718468
540903578
475932066
19992978
736763052
25957252
428387814
364220488
248467944
276094564
130457516
277653124
733876502
254478396
794324292
116085606
804030
335223900
206658832
333811766
682814118
392956282
177574842
356019294
553746246
203036972
156333990
808679956
234488538
270642750
948256908
919387918
804286468
885168768
878842926
655487642
835980044
465470750
645565012
621644440
825589256
446114752
867908480
460832158
147828844
453301836
81222668
515495356
644803098
35476234
115009556
12094684
844067520
273003754
957514930
860438398
12387346
464959190
567057082
478059408
527732990
805646390
656371504
723002084
465079888
556987514
608626086
232795180
884504984
355926938
731384918
473950444
392214550
615559516
977372172
68924436
607159658
919061752
521521992
428287912
585437234
899733958
35861936
726662694
244856410
184264818
263310776
982640260
369473276
211230432
918310184
725980526
717819428
127915966
728810238
357000626
828526782
774421798
882078230
702243096
805419544
218876180
405122290
907009034
718785574
986098984
679895458
259803228
992365264
928929512
133509000
44416146
335361478
18178284
879396924
780373974
303006000
267934686
750946966
6317684
854164862
376742634
292083102
674980034
700392340
917516202
461970954
417623560
994788400
72168430
984724802
79976478
920167130
246002422
723574508
657593424
748509198
154815630
177568294
422778826
436443720
186120144
680388076
213554938
865465956
133670988
54251862
28709448
338830746
817931826
366955660
847987500
713245564
342260380
44955024
5106542
23182038
844105932
285196244
583384636
137275214
625904322
529638898
744356488
501787362
78675564
288129306
560613736
444594636
476515188
649618532
739897572
628701480
468422128
791767884
275855520
541112124
384468906
597651746
574618734
941212362
240074844
581784790
234417418
417848818
125982704
969979170
68568216
614008732
356443908
125177726
414258202
666741686
463659722
329306934
124934092
925231190
597215030
745198236
105978794
385585430
516325792
94079460
470415088
79568122
546821384
336998958
110013476
893803842
211412352
405271966
194179956
685374856
422248218
65428822
44045854
5364020
891894334
299136872
603040668
899180126
452047582
532642806
552478068
456183848
752699844
786980418
406914826
205983428
691427582
969403186
400637340
740670618
970617050
792155646
522559248
147569164
848077248
705209266
951081410
225544806
56220212
281919294
503793466
458758006
611357220
678527352
748542858
698172146
344182772
64529174
562219898
921905572
67898624
763554010
761844386
914124850
279657188
318977998
82476486
625726972
907644422
184774480
111261222
902841894
57230702
226168090
910109422
713830668
134264454
485285406
281451770
371628912
752609362
329790038
619035214
599461704
908493634
672612334
878610610
253794566
596449910
381689500
534997162
279507674
493805830
44476066
520654548
897238086
652155538
743644708
169915664
747077168
859313384
472501950
581787538
403089490
431500094
76564528
147064832
184992770
354393106
385601442
805594530
664134662
587289004
934492456
646349972
598108528
421032184
970021840
1712508
385997182
532108046
911517180
141580202
207913388
45645768
820796868
868656380
920313706
318167912
605501586
743433366
747767298
55018154
865106834
412681968
261999430
717401054
8373838
109377930
550508470
717212084
671666238
953535848
841460132
246190114
623554444
298502434
283526222
721532458
398188220
152724426
591661986
332469940
624156260
51869700
674573222
327590190
162231262
821960030
930399382
567559690
634904040
400962232
552519036
401138816
512541024
285368464
890318662
212362308
536048376
581343814
453076108
390598236
172609644
933137142
846621510
888350932
309784980
493716986
332921760
250929662
606941858
999477960
343711134
490699170
393727868
254845070
343514634
138476894
492218512
871990710
822458518
967900364
199702830
104730200
665780030
850212256
80645826
334764914
995537748
29371746
333320204
868573118
839794526
503455590
356734870
654846160
385446428
459643386
263828232
763833698
935362784
500987916
473270670
816896742
74101300
397127360
219376684
167948360
864408294
475977284
833794640
302874266
921890564
160774470
698130468
343254616
757031918
928697560
877208814
824417418
30190042
643957432
485743310
621863682
528651088
367912960
141939064
687217422
739976168
151493304
708172808
25073176
522168586
695247062
575758434
391223586
223738208
908646756
135334628
408811084
40639468
616395058
545387288
299916668
358863600
539275792
806185854
359561222
412964966
843220656
405000454
429560428
552685746
420987334
108976558
600634564
518499584
279132666
516332396
229482868
273227390
235786438
952547096
705515118
881680100
671653666
564420720
529973356
813937370
283608202
217536538
623688392
547980618
765371232
365274068
836082082
507936188
623998574
463705822
930962072
5670944
591019342
583855196
123989152
75525158
17564034
564984736
496117730
957765450
200685942
506433302
706740838
671697782
281235444
780703338
607789948
293865696
896683206
971126368
80331356
828191656
792696226
995346476
988637454
867168538
303601504
60345878
135163252
565357788
114199412
114632742
527470230
273042198
739250292
22399218
364539382
376589536
821878338
148785262
128476024
924518410
361527186
863466606
475937196
879744014
251525884
590109170
659770446
27857048
129326314
650024046
49512812
804839694
410927956
245880472
35157418
239932914
602218412
466675844
835253776
805475724
429025468
48470040
424414844
657802730
180725898
224142072
108078134
594057440
868669008
2007400
670609242
459951570
910570870
781289008
253894858
501482140
144418424
352801070
82554994
605670564
25209630
333962982
430421122
30254842
819399452
814615168
359947322
514094038
816099642
202003048
649968450
231818266
207213352
144799796
288748920
918086996
134860984
46663076
844207440
669615598
242509778
53969164
23278850
253245124
142007594
190991408
845396078
234325164
815592620
140699200
341231488
611699858
618058898
347685784
407005270
617843118
17997682
208047164
6645442
326810814
408971218
534579014
533791786
130559902
124908878
204676500
346252612
626659458
131107910
330244092
623674004
160442462
595193240
286262380
891137748
431403988
251467920
853271248
462863440
660193094
508395582
884911560
644469384
51005164
291654186
780221874
88544284
10092304
7156010
869761090
997515236
640175700
961916624
446375752
272902270
395588000
578392136
54218006
994282464
628938760
720720976
301018658
765847668
39785920
398096718
681595604
220052624
317043066
480367500
965127008
620776246
389404906
269198268
357467050
799613110
389057522
580243428
915720444
942638916
301386108
847882148
896227430
339940574
603291476
198665090
322082516
106791614
27803170
564897530
421553428
499230834
539826478
564020040
316817938
284063256
751811840
788653282
600770298
464335404
464824148
523233908
35139184
972356354
577905512
30256472
926124866
775682232
400281880
537246776
204030000
416023942
94704964
610108006
819525408
57689232
266284148
899279080
24589940
446695620
298786388
168063064
210589448
293727050
519314784
477283206
251852430
596089624
490727230
677599344
350059288
603493774
15983854
967902986
206714702
124515668
169953900
966510436
655697716
489160154
193715572
700591738
341345726
514375216
939157528
463863738
680738558
977162042
128725782
707790860
976483562
268606750
738778010
329426168
922648920
646136990
634711216
969132702
273195654
514011904
298289482
396506190
422900464
810842594
681503036
492208260
789187814
942265088
772115422
480939220
48973156
549100348
859194392
846337558
410503126
944654026
707578028
506157458
140418296
442629924
37979798
305617320
595364462
962760398
301469404
87911488
156963420
915970674
976791036
650244912
916451664
802125950
713498404
732704030
704114804
780726458
249720526
258233650
722763660
529568822
56967098
166864704
551754148
75592692
398279804
86229156
146447092
641283126
738315874
74104758
533043618
892350048
896332910
929968218
458057202
4802166
527501686
876237634
732553486
394994548
332942534
903185248
314783452
475946290
642709410
266013452
575646914
862280594
493690996
980523610
950213728
645241884
80073858
26262098
36654844
329420362
530847722
264330
839997894
989227024
592887754
769144950
43559970
177284492
647418398
478736864
203690042
582387296
422524640
523802008
189411662
220876188
634600854
842775788
474644266
272131964
182894588
481595666
212182232
204090062
154401424
95833592
270481734
161769162
831678474
233920946
478814494
653399360
317318658
187927638
210232680
942507924
157889950
385231830
724332622
637711298
889280806
299493778
27565128
279350096
460245784
926953924
81939126
657073454
164863906
163679072
133741778
16651072
405157984
47088312
887123070
908165706
375823122
580727322
412077228
611342844
721351610
651726776
535284688
943098680
719177972
754195434
123249276
728428768
300501906
650493228
848082846
409853012
311765124
652084190
463606498
49629094
294777856
654015920
647224078
287315498
675507760
581407374
835117906
190341070
737725804
569692136
46100526
578638406
566180974
955808240
507266742
922049440
541300088
100605970
941379232
906111164
797785750
246042362
309626536
465525180
944213030
534141398
955822414
700371900
452752534
395533358
468982178
968576388
851193342
904634968
556600010
749930258
342972746
888468568
646900840
309382232
186860732
814689090
880739672
51686172
55942770
128377370
640269686
562447116
504513202
29652268
596989546
813355058
709667920
901886166
903085136
221136622
107535044
235672272
248130134
979150018
983892890
678141256
186433370
688227472
313681134
257251972
755400216
420300756
76860712
939215656
799970462
637843602
149852206
1019482
589164346
252906384
1006824
46261448
886704088
809471128
618768596
296604876
271885326
901200094
924077504
314793582
857021216
694938524
775002930
353334818
418624414
861281700
10748770
141258358
594277332
844207834
245806858
876341296
334001930
418286804
787421946
848787524
337942464
105315342
979956282
551929188
271714970
211768072
312701540
824805120
538500030
263359370
283294248
225580438
850797716
293334726
580868084
377047468
991118000
487958144
695865184
102188804
257130930
254294584
125839020
952196278
36395836
608109972
498734386
82265584
983278066
288495536
541499502
452861584
60325998
582764820
250382592
846446812
520613906
997845538
492850450
727417920
450414134
781542376
334199992
264359476
732342138
193831550
557690620
952985424
101295142
277658372
868142258
951104644
301555026
925425858
58414244
888115614
181510934
622713210
28046318
844373394
910631616
391819324
500112784
604708494
371018120
91465924
67543190
679786668
508016580
375494992
283445112
218899210
946241750
13606860
438585488
191051326
631919860
650314862
564609966
623581794
738603502
772595778
998063120
694553990
656929392
972370116
529794652
529351804
485760550
49738318
158630782
714216186
432827286
85825122
65700768
33314102
7156248
145062090
337760848
827319684
733011578
186867106
763917476
230594598
255318640
144935014
642015628
244564662
549244022
705282470
404619740
838032364
540014236
882815978
36446480
383267738
729983478
651800480
35993974
905469172
673352536
926760960
41308432
467263970
39478698
654430638
566960006
246087152
2724042
146506764
302653784
12538454
551020352
446156668
131412430
704209746
86784468
226463912
497278128
497975236
294618152
402130796
159865268
875914776
624730240
629791802
444714308
870672438
723485510
611979014
350907178
245759228
461758840
462065792
379828834
683738348
833963798
198353332
935747298
975559964
692453828
434049228
193257480
538292794
761925026
356935528
148439346
817355910
665714284
618755846
223191254
939818698
974431682
895211286
245829244
187081736
645354568
502080318
485818244
741889906
844316674
254402318
43757188
536123914
200260632
164840666
792734152
389711564
609129568
715676768
770930372
428994266
657991036
71900504
586752014
597818200
122374986
878253100
845168072
294632806
385284968
56170878
632340480
519940066
415441878
562915506
75009640
336732838
914824536
225833338
382480730
43474288
878215864
866166668
465792198
133566424
97860660
175835532
663285608
949993728
604987704
715495202
968716382
789594004
92329950
222158388
853745552
929977024
977445764
398079010
981206858
890730436
45364142
881060656
37683222
302221052
8659452
632094390
707880012
171376446
37908232
232973938
164095436
446259906
322512328
614168656
901008296
838580936
317208222
618820478
970886252
717140294
442693862
62603906
441264394
87557470
861164844
579972458
31101608
883025636
280971866
756108324
686844982
645113640
65761784
609416158
904623208
335511572
325892412
404522234
578789956
659652446
51450876
770822330
407471948
360634488
128069850
197981292
418500846
648478034
588747538
591971002
871069594
484296886
216400106
336989504
545161480
325502656
549768522
111421768
304140560
29365526
584851146
886716524
627140432
768853300
813690816
567333744
936909830
390337478
157193110
401161920
541384780
668081380
981199524
344603404
657608832
76529528
488614548
573239310
874444790
844824712
613005560
309692670
819177324
750180016
435504306
608422218
535935880
346138182
335665586
836039626
319038066
767478904
259888992
55825700
286408218
851873194
149501530
735874646
658838938
196065700
684181990
720971644
264755742
896711688
800921730
396659462
764537704
91816896
155994550
37621958
265816734
388981020
463286278
775678360
949768188
824188608
59001640
570563718
320382774
486254324
895549402
180229236
317358546
491742912
442604506
789189936
638905922
63052560
990983154
585312326
962060226
563202518
76474786
288979318
79161496
697821596
661039310
736925294
971342164
645974304
59316032
593648826
678871976
668283718
16521482
941366056
304521924
951840182
803831372
651058350
820536048
591635864
690040244
581342506
186813116
341941668
366413936
740783454
415046578
209566662
328635632
825428894
286775094
151965214
796979778
535109766
666469614
163157860
123372648
339501874
264962916
726652346
644413304
381281418
709731462
260010894
665715758
631660172
579159200
714393050
492520282
384531530
695427340
910832952
423664758
101023870
832903532
479900904
505246624
27028746
137430368
184608678
14256468
32140592
506188956
307687008
422456330
432674512
119732930
287225596
203168514
452532584
338266346
839791188
574614282
883049576
950624564
508293576
810890388
311981914
570776728
694490014
303879500
274635160
482422482
347854934
268284296
104213378
711989930
265231384
156002868
198738978
989892726
759171406
633649018
210220348
777200258
646835306
312746154
59989042
328356762
972322244
397653488
295273732
340960182
66067288
216121614
617417940
51603828
176054332
851746560
24001714
355500638
771899842
517763576
710020310
654955558
795183772
137007264
337498508
789174896
260343140
895871682
849345134
542187556
270707840
246775022
265658360
300504508
115641850
529563252
492598986
909241402
504129980
794349148
281840232
395284222
542535792
11594232
692367184
335558336
436895308
818367356
72597706
135076900
153124782
514827330
128123880
164629790
690436198
191435170
222894488
969084406
195567118
864983756
354521536
877553782
249655154
209305014
125955284
895039496
747332050
899715530
269483382
998777164
428676822
623106066
47451500
777262890
135544812
235198864
679534818
91230534
68337266
225823850
241812334
779130416
363729398
654363596
581529678
655281994
684213050
142808602
806374710
69601122
509305506
326196534
642217652
231189546
85978266
656530536
272901388
63622794
773128064
178636576
230864056
912865912
916249066
232029240
584907034
452795728
722760148
767023784
753718606
391596516
703689550
96940374
506186470
852235234
213561178
37708682
703836226
619467564
685167614
285484796
441521400
486612538
309650616
823081366
681684734
534085802
898857592
123145966
373021658
261183554
170054910
804176410
533389380
247466932
15756282
385563650
249687786
613597868
843399424
906993824
858521762
175616720
612289998
538398218
944984588
789812174
913250608
576585596
47262480
717728112
469361628
360156832
300890612
844714842
106041756
182260670
94137222
168587442
930249188
186052638
788105482
248104254
863425906
704608406
698062786
318737490
730390152
673219574
752380156
456626780
539294446
372575452
631101186
529465454
204398288
198587808
911894158
499318576
313917608
872311698
163984336
477394270
551506788
265251020
904158566
709234870
512160202
536468456
887756250
878845220
941572892
912088886
17295958
662007526
361442744
977083898
572045544
160405032
635031274
898077328
161671612
429189972
483517402
811553484
416251456
638920628
769064684
488892912
955007452
332068236
893974326
358701702
652473338
177153934
803181708
237646948
445456684
319125884
353996038
100142702
877212014
911803692
655928746
465323460
769598506
581790878
751131804
229404880
546939444
622933866
13862416
298972122
443936844
900156912
741154644
188645294
490464358
569414516
343249176
457585994
844337046
173625244
530376076
664988404
755286770
533532602
936143878
800266854
640164546
226612546
366137082
164730288
594172584
93071704
133810790
372204716
558739746
635133738
466443576
700213974
943977244
946377766
221317978
540915418
206461772
277706292
639886562
66377788
654425856
751283422
503404864
72794736
141497322
660872686
185662650
880154400
865791116
473774182
963432430
780780816
43516446
54626514
869565148
183937108
848013090
600221142
685851756
809460284
312075118
94397934
715358688
164169362
284702264
27698962
833283138
419122856
712054460
628683910
87763680
954789998
275591100
559665674
988791154
605243892
847500592
115018040
124282128
545386426
165051740
941780132
813454474
423750892
596114532
104161586
468958998
350014188
45934238
230117834
908906398
515058500
703874754
233091304
512015144
770003872
537495654
649957922
567821050
186211066
930223066
478647608
337879014
921254028
171654828
940815122
498831030
79033470
261355144
355379048
972960324
651562406
5727454
451323690
540684658
331385460
900176968
304945332
687425226
946806002
766851340
945779834
897098388
406131286
990203334
737174720
858930386
137655638
407439904
717045494
286479222
773384454
717930418
240140338
307460398
822728910
885872838
985561392
992492280
720459190
462501872
652376106
111517540
519146850
98196740
466609552
459645650
784728092
600501152
890177702
111069334
297180434
513284250
262827304
24000416
804904004
21164528
300405854
346157042
510944930
678765798
844277032
168957818
160860828
703225564
581207664
193112290
584118382
379943530
990580548
192169536
101718672
568911056
486169070
645907720
520619314
135901674
111351762
844708620
166049534
992252690
61712940
454534240
732423850
484594692
142195318
105565610
253681296
372163728
814408956
96213984
226538318
667097134
287691330
285543472
550295256
475096534
669015050
7436900
932966150
475394720
685778416
443202172
697116994
453665620
824884720
406208512
328719690
976034272
377994064
92299612
181351738
688371800
814597586
135051676
580328530
767274994
750395870
285930020
467281972
872563636
169425258
941860886
637808610
131261446
731115494
545404578
407412074
30503168
466270
527929384
637328720
479481748
280067782
350557480
62883270
553293780
361921976
99121586
475630374
477840608
876747206
645354492
181189336
458784758
509918222
918461850
992960326
532316234
983357254
793395776
908348888
963527890
876863170
46268152
925277414
407807252
720632462
311328188
631366474
818015040
524351336
180888294
836854992
388175070
490050654
91783234
567577918
52750050
363804508
232300550
440309030
716488348
481062008
840483908
351234434
440293050
72201080
332791008
132872820
773125144
985032902
642507284
717193908
910582076
344673198
383673584
186210534
219618502
381835294
304848770
711772798
262444992
825851472
248769800
25138844
492296318
669179450
319158140
26867104
400192686
21919848
735839044
666970006
494373444
14320350
298178972
872654572
254444758
541823202
585922960
814086054
144005930
216788960
799884960
555501488
562210758
114473528
693631932
723826034
89173754
327506214
820566800
661230386
41140756
797439632
237838656
829332758
214027266
226651214
236513914
335954446
568106350
563242380
304218352
114505740
806062086
702909398
342439044
440906668
752932546
834322326
964812764
381370558
655373132
816216616
808495140
525286952
563885866
145472462
971003380
957070990
436918372
680424712
289354936
840335392
794207680
70061446
867642958
570282882
663787250
348259644
392608734
861489746
537237832
864937012
51698950
993561638
992651874
904684526
140991776
868174848
743807740
112427174
87730386
898029008
708554480
88134668
327378204
883427012
577183006
208518960
529234440
880556092
70047644
12105484
279623160
400938578
324919978
341090736
535833316
749020522
705477374
25878514
741992830
693182244
38327578
234768016
622229274
992143750
586941488
367628894
259766804
220717196
864881706
792791564
206053454
733073470
869716930
26527394
682328220
845667836
781303596
475295918
461272890
463908682
559825134
783496930
407249192
785467466
782946910
675591654
362306332
936865272
712227316
284698102
472547126
244568682
295956254
948598686
133572410
894631116
49057820
340085290
930874902
905652178
548234328
764099038
14320524
591532168
654965216
869436452
814457794
209736082
285870708
204663346
224700854
232304400
610172456
95599964
480779442
61731870
71160118
438864922
273160318
939096784
773497348
575962748
452918016
997164010
435052242
415598742
640112200
345784216
762644280
681183076
98362616
48178650
565021926
988284278
129229940
836173942
467980964
205669022
617767936
933364334
85198680
693594562
65800018
620097498
466650022
304235546
381248026
720495334
499890602
315357408
97940724
380555312
208679116
722479282
309364732
748315098
196863074
31672550
430991678
309688204
56193638
477360082
384380204
749798854
700909612
189118826
447606052
573091946
107541502
810628598
881923868
766013014
439182588
415444022
918920334
605707254
585219804
749717112
639389458
679041774
520516634
74898426
854867872
724625364
189127872
842957678
394321088
344066906
332282038
447413822
807916314
151674688
718285846
4230148
790311150
460457826
695505388
449488368
819535400
256416994
27967892
895853572
866190116
670987332
979156792
978251408
461773956
655172434
876895928
176174810
226881702
181104714
355570964
947835974
937121428
84539494
511825946
670803732
338752532
68014538
431458710
53556304
758682704
521769898
492701038
941871140
744070806
595000550
722400334
563992024
545431928
146802834
30168584
613647110
134533360
952760188
24248822
180025976
945498480
986387882
13795982
757467448
25436434
889719660
404540084
923854060
521967184
141931298
180134454
830860450
652891812
495819814
417078616
75678520
139854752
856563846
990156956
408850760
209002766
174791034
200422892
334550370
997834370
472179124
210553986
438178130
253037368
796578118
797915556
762622680
683732420
774526550
311500724
93825162
74636888
697656698
199459902
928135760
900333792
962601792
54903094
705739606
686954968
178149794
515721584
595308172
147178582
291384710
27537684
36078148
780775304
260676732
40883036
271918770
625531586
183597598
585921058
350296248
15897400
481494238
421536284
930900802
562395766
318157882
219685278
820640444
917748882
692111564
41179926
423639696
947944248
313923858
842739116
878799900
786453298
211116068
911314146
116672344
864328718
49000004
145370378
166586256
206152454
674605412
568820800
644055370
174824350
79589922
467136424
456891694
5042556
812030856
18007786
762600384
733729904
110731754
104994064
806522190
805484398
28273966
739250058
996269244
168742636
548563626
421462740
482089496
942213472
265554000
811270876
471628130
18574694
748067476
397634376
955537398
714594176
938264138
795711458
855082162
321524504
419366798
893486632
764571214
173337648
299802036
556980472
295221864
496067918
61332862
238493472
960067642
839907770
495353468
933409132
19895388
817190510
389732370
127216020
53400154
204454450
389182042
844614582
629945140
140752804
1808324
153794076
565924172
152321200
367124942
962611722
966591024
538927986
905141814
489907810
924888988
843938630
511373228
13995698
69950932
606480106
270703158
451879694
822839552
396499204
115877176
497010446
233160998
842033408
773727970
127028330
439777256
253800078
714869728
313061806
456976768
442014776
465117902
875606390
100493154
520505194
226991152
839486250
877443678
935144608
414717032
914298292
306192556
497024536
637140058
806775108
127856630
701282256
177511836
106131408
183039572
762020474
838369894
680575398
946363408
724897026
880786186
997993742
195985612
872403414
711171346
20048826
381831992
367046790
119064388
126070700
57279422
438934566
537756954
8766666
514538008
693578512
335531802
939622876
565004496
625005394
205218294
699912216
572980666
55244336
623143696
145953162
820835260
643497924
45042202
358687758
70585664
300078606
55996290
628869886
601937784
463728296
99236330
771589832
74211006
704792250
130074680
892637406
821762266
400668158
467438250
383527902
861194850
250793936
385328096
241078898
556621168
12671058
138925658
861924580
427859614
429266304
437893110
127337964
235893004
450270028
935544096
232752084
106699662
773240412
575418244
426564024
436516938
249725208
845392114
719919682
454159512
626155564
670025886
57884264
998246016
493479270
247884754
994902990
88175942
864582550
864442170
654278974
464351606
397476612
948113530
148680
653331940
186839018
297360020
437493756
909241154
28598286
756426802
373879584
227107672
76380092
228194960
757696966
822541474
974031972
790114860
377231844
589381122
936916434
417033872
836331806
598977120
14280492
630727968
147371128
805429406
7000898
282847406
525158750
958177208
809730276
37240588
746244622
566094144
894235838
766281538
87185922
419080552
368243162
350550542
390198430
370720948
825732070
774849162
100428356
175899940
898414702
786527904
679524564
660771706
225474482
282771540
3347268
53912626
491240362
722457966
841239424
820800150
499069108
224473534
226785386
717671672
890346836
586240758
670754502
284104364
690615798
248842190
751466008
296885752
532966668
70079264
623913670
758721794
440597676
466386096
597682986
488402810
658858206
984884432
400966556
533402154
414921058
287346206
668549534
384745806
383828694
439040588
602793842
894249886
329322716
846734366
379365576
924433982
70674470
495059032
915535288
111449266
415136714
162034836
526120542
987663426
730411572
99140654
539210610
276830736
896339940
262031242
941031080
722587210
193026340
646336372
218406798
231448718
183362922
675621436
401323508
283812790
61822380
448710982
345784686
849248582
800615388
140137444
572590376
434874184
850026746
989244624
615398972
888228268
568566436
501894810
572402480
769855376
284178356
998425686
637461074
238870676
872990382
530530878
865452714
659552056
521256362
437798300
1380466
88257640
189134688
525652610
237324052
722950786
473957270
709722012
465979148
260612520
62902668
880225190
654655654
871818062
827929326
17766358
40410418
542754452
577873024
571002312
977307632
915295300
866354776
222961552
857444712
143808880
958605232
688875874
278420718
220822448
663950510
512112716
368659188
880058174
143656292
830692976
870977976
744554758
142360186
649046980
772609392
29024614
121845066
505818600
630761476
145678822
226796612
396912312
646264020
466213924
293550328
820146248
132075722
332530748
583783314
988016502
80468662
100856014
444154218
804706280
739640142
735021978
798212352
801230644
267200288
113533994
401645684
969719400
534600130
766542484
444594762
434105540
528838732
229617628
755197140
909494050
669574100
65970656
718397148
641481614
602584576
455333340
260347784
705379404
168254136
605864542
161200130
984758070
771386358
717089856
351751368
801720728
594040302
315548864
198482230
790451918
747511914
793414650
239283596
403440976
984669630
249439632
296261334
502745596
519732922
39855610
251181954
854270018
323778942
859161334
463680574
846775752
864964028
353578944
354093400
387347016
225386970
127603000
846889992
493900886
202063968
620048390
169133152
883078506
3427300
361316954
381472646
376820760
649414520
56586300
94423734
323972748
898757796
242523184
708671700
823699598
558793274
147949888
630836016
220097126
240321844
224013186
692194744
747965590
482965064
417922192
446287902
235378812
784056884
504153910
25166090
775133962
28883386
750089988
366295692
221191284
594328012
589637904
209461310
439245126
432826556
929620182
336492360
360555910
153484878
586845848
607779752
238274970
874085440
471289164
764775734
744636060
565584128
287329824
842914842
91963920
187955384
525058040
263739566
989801012
474326090
353313932
833422554
566552868
627200258
104740830
940743182
340838578
45573336
471386466
877117964
90722100
919572948
664663058
784911002
149882170
712033516
20253888
87443420
476274996
11521980
282999874
490061388
708582660
402075222
243655804
384969194
120120108
64856196
976802292
145175204
370545428
589220938
775485708
365449374
447702244
330782174
945211662
448606920
784162314
714099524
854696564
583093840
997773844
290517512
817744614
845270526
648802446
247686142
504761436
182686146
85351516
2495018
839641464
122654240
223870212
625159292
146994510
553565986
484226812
986831964
402478978
944644668
341391218
655422272
817532714
57853864
187022316
119401436
272579602
238423246
319782520
122031572
721629270
420095478
153315888
732074148
564874380
630074616
129054946
183779898
758593638
995920418
37367416
226797782
324572714
617013688
37576664
386884688
352977332
150463706
407293894
335918906
80502946
245433078
253278780
943860852
147590314
351619994
219361842
586219638
777478714
916175526
22370832
228541166
635498912
580296972
925481228
178624190
253266454
561913996
573413694
849149770
869633978
517929038
40161414
478264698
897242964
512359296
403634892
688134492
886701692
501033218
458697630
815717514
925762560
294420666
879518678
99210040
128348048
660022480
361666458
590900864
26297670
131583912
827438238
715024406
301047020
836682688
403414424
606239638
126476420
777111322
329660336
355520526
904778678
222346904
915213976
370296194
426028092
236242762
732122202
365947926
104352886
693704316
324710398
787634302
152843818
106319894
862236046
646960338
376110380
367736428
205461994
344626580
322256044
901980780
722751274
77555252
940571788
728977392
998452108
283238
901796944
407057408
452878294
667750462
824716128
725316750
192327606
364684850
614927420
784053656
693221588
565048292
892604280
227226134
409673484
814929416
799754994
522768588
174490672
339480102
286496482
172740418
226514172
818371680
809343550
596247120
981074388
635693488
188448014
688090054
931548650
817758856
234193560
176086248
592690320
22147758
374597254
424421486
772220038
559141068
496055534
712504274
862835632
283756834
78797586
168165552
503590448
781993358
6823028
890315692
113288060
502429262
323827492
756322014
615183370
430977504
697906170
635960602
924948316
285761012
808387224
509924808
100148248
488799906
836434466
259527872
393332896
256458664
97277436
426284930
830149984
367713786
746357198
407888482
49521822
776924090
220355378
548685416
783676750
367420652
391020738
500168396
505651520
234199346
573882722
601615372
985577392
248389420
760081678
63626268
213114544
787379906
836877234
178023726
247696932
383974768
519052128
899629440
710204414
737302092
639631924
705658578
873096744
729733978
41844134
294960602
989058982
689647296
209552310
440589482
75240508
308738042
120442762
597440766
797252336
126109502
714571248
655869526
817935290
947707172
21745950
407603222
238541366
973726420
783818010
760955424
82017542
850418784
873412514
235265906
398580284
298325434
123827944
916690980
104697796
58008562
504439394
913715816
262089968
838710422
748535848
611487870
103555718
666883914
551266082
839461438
921610850
763092922
891478836
895142580
690237318
494021480
806944264
501624770
384851308
899833272
203792302
530722238
290185250
750949700
752802116
23313186
942230742
920035026
323948084
414114562
648152018
201049352
955778138
315816724
358300574
879184138
556244280
415011974
282520608
341843178
65670592
782817326
791210860
713611728
237141334
15601522
215635278
345673174
75556730
705141174
357656160
964458586
128300394
423558576
700249556
103114760
468234102
502075426
407839904
944292602
346448126
217022384
51312882
545521352
291956646
13987290
636633778
74020670
568705768
628301062
661077820
478517186
995831260
977280410
381333844
823384064
998771028
705169816
211270152
112490894
679568524
592068870
953205302
289625040
390439344
590772656
333224844
38241524
393633116
323440562
89435346
347387672
56293252
685787048
70540926
748776762
331396034
940798014
338798096
14838102
418712388
716389854
221660172
237008606
339108712
409637186
173739354
534440800
660304874
274266094
848424648
393125090
501156042
125285784
255632194
779308794
42736434
771080378
311684
658530250
707580110
28762068
316407214
386238082
457490354
907140632
784176430
995276482
289523608
162089412
198341512
961491446
900109508
826308212
780504600
559945158
356195258
288739594
278564684
934457932
381998368
310364816
972665326
362519446
356615508
410966462
148826278
233730034
188476130
1686406
95035206
62554794
120648096
669646134
446667430
452839724
44425558
255475004
421400206
888253922
206173274
584740322
355444152
928982234
355001370
20523856
662721072
998408484
248788076
87948238
563842280
129766582
971641532
547155946
363154550
937542748
153459450
727561250
984815670
761129214
838421260
759905114
528420758
650358240
835984416
85286222
407062368
710490346
453715450
111564284
491593456
643107856
12735540
740073054
35501626
765784924
10950454
600250304
540947134
719446728
593829948
671138302
794815956
578865062
338078590
877122184
151623060
347289080
551259244
155184308
27473404
618448952
337639226
962598876
3041664
301452708
498117644
970121328
845612078
636739182
953681456
423706728
363333230
940242240
374507718
881015562
78168286
640430510
771922194
528864184
811206672
53745106
978606986
256001222
132179004
719303452
170685038
523257174
366317254
729075340
612544588
716469970
471596486
201477334
795941522
696026228
394420882
513956626
21267934
878543452
295574744
127628518
536960004
505205514
57163678
260543076
461950462
473589976
502290576
795081676
821655604
947650200
371866560
616992062
455832104
576709654
984510166
86189840
610752132
921791918
705728288
670964120
697401968
71084576
467632728
280920992
487618318
883612386
722919818
11721784
619021384
569253316
246299276
444646570
815991236
138514982
318563592
318833522
995812818
499214394
313303426
147228536
804416618
639844530
635493542
966154754
405734446
399176084
165155116
328497962
354629482
346136262
789202674
857909864
350275018
557509040
454398676
117475118
608211142
544126996
965545592
869957576
986266192
302774342
570388372
655785156
591192474
984863320
817819772
801003632
246208876
699090026
163300508
197706642
773719458
913829258
189968538
614328824
925502696
502761276
189097320
7142778
553976564
429944452
667417584
395814524
877047200
379895806
455513804
55649362
460320744
440665430
665827854
966831458
562825186
782345280
247131788
425203656
368490538
359533384
902161566
890777870
683993444
247863306
460648196
365682322
497833232
131662636
983828534
292551832
5017276
83051230
122435518
569644066
649137224
894381288
970633890
399032692
215506204
220931528
850113572
820496556
355534652
595143818
804005206
627654090
712178824
903366552
263835452
451791446
174450716
99951474
62110524
599626494
494665050
363057420
353727324
250738974
616436504
913197862
597893006
259126636
604727778
71508996
568058344
27232352
958068738
971244810
857926148
744687660
274863464
262540158
45950750
194069596
895477496
322422756
832950512
394098006
408762894
784960022
730578216
819412696
633528992
983125062
96369086
518504434
79817372
695509048
715735740
52803598
980121284
58989100
273035272
840670372
78156652
236442508
930877788
683819040
355069570
50460938
3501728
765302776
651416952
826958712
514549818
191218182
16837792
855878102
508684864
262280424
868052302
480191220
481228612
352186722
483397176
325121896
561013710
574900884
851974608
104628234
704507522
511732734
119544636
642132990
393769520
77504412
975506728
827363926
797910898
814903198
772809302
832429038
980466854
420722952
64590318
423336638
454593328
995787270
570212198
974274480
208152422
319213316
838187728
722802362
138984790
848247904
197725844
678906538
997266180
395941982
718221742
466178004
772964806
472833090
67315774
598369376
444153816
485367008
204100110
372788308
291990810
765687296
9523206
466335716
467683516
363289320
679044178
939840672
129757182
289112806
594416938
600384760
885134958
199066892
495900146
294405430
312644866
544649504
968978038
523027864
480826450
929092136
694683930
754873242
987583578
108070344
783620006
92233596
460092938
687612828
628037498
253462206
445814990
914509838
810045390
160956654
303251662
633817826
456637178
810509000
784582192
326314880
956430594
812970604
124338854
640733422
210345782
946997080
457425458
478005540
382592930
902077412
890001036
394994764
747104340
562770770
232470904
800469778
476096990
804119798
943044678
688938058
52458310
318147748
291336544
544095510
280502266
305328904
75021366
211249132
363508692
488610526
260975966
58015552
42164172
179597996
11816112
688810944
503391424
637350736
628727344
591847768
119862790
827032478
788889178
686695616
21898432
719425388
367312556
535048696
47501224
148461786
136844718
937857304
310967920
396445600
415875408
10369562
973156598
449958624
364875080
427278308
454627598
557572914
366968988
991780246
105674760
236288418
349616150
272213158
957219718
562854008
75322452
572017694
152071280
886266
417595514
873875678
283914176
228891418
112055112
751481484
744703622
343283058
563696514
238353962
99460086
314790834
299892050
437734166
98707114
986259694
719545926
628369286
806863758
106363614
970439280
469530424
384358402
26212048
900444708
213232944
216828116
345874678
259244746
17520192
569678920
447799088
975655684
219611186
527673420
646978764
57301184
430601390
935998920
327218598
780928298
286609626
371833186
633337560
192222734
932023810
626185614
212276706
300899782
27391570
941816288
815584480
988592146
71612058
487982948
441849150
147204232
985360208
2
1 2 10
2 1 5