1
50 50
-1 17 34 2 19 36 4 21 38 6 23 40 8 25 42 10 27 44 12 29 46 14 31 48 16 33 1 18 35 3 20 37 5 22 39 7 24 41 9 26 43 11 28 45 13 30 47 15 32 49 
-1 66 83 51 68 85 53 70 87 55 72 89 57 74 91 59 76 93 61 78 95 63 80 97 65 82 50 67 84 52 69 86 54 71 88 56 73 90 58 75 92 60 77 94 62 79 96 64 81 98 
-1 115 132 100 117 134 102 119 136 104 121 138 106 123 140 108 125 142 110 127 144 112 129 146 114 131 99 116 133 101 118 135 103 120 137 105 122 139 107 124 141 109 126 143 111 128 145 113 130 147 
-1 164 181 149 166 183 151 168 185 153 170 187 155 172 189 157 174 191 159 176 193 161 178 195 163 180 148 165 182 150 167 184 152 169 186 154 171 188 156 173 190 158 175 192 160 177 194 162 179 196 
-1 213 230 198 215 232 200 217 234 202 219 236 204 221 238 206 223 240 208 225 242 210 227 244 212 229 197 214 231 199 216 233 201 218 235 203 220 237 205 222 239 207 224 241 209 226 243 211 228 245 
-1 262 279 247 264 281 249 266 283 251 268 285 253 270 287 255 272 289 257 274 291 259 276 293 261 278 246 263 280 248 265 282 250 267 284 252 269 286 254 271 288 256 273 290 258 275 292 260 277 294 
-1 311 328 296 313 330 298 315 332 300 317 334 302 319 336 304 321 338 306 323 340 308 325 342 310 327 295 312 329 297 314 331 299 316 333 301 318 335 303 320 337 305 322 339 307 324 341 309 326 343 
-1 360 377 345 362 379 347 364 381 349 366 383 351 368 385 353 370 387 355 372 389 357 374 391 359 376 344 361 378 346 363 380 348 365 382 350 367 384 352 369 386 354 371 388 356 373 390 358 375 392 
-1 409 426 394 411 428 396 413 430 398 415 432 400 417 434 402 419 436 404 421 438 406 423 440 408 425 393 410 427 395 412 429 397 414 431 399 416 433 401 418 435 403 420 437 405 422 439 407 424 441 
-1 458 475 443 460 477 445 462 479 447 464 481 449 466 483 451 468 485 453 470 487 455 472 489 457 474 442 459 476 444 461 478 446 463 480 448 465 482 450 467 484 452 469 486 454 471 488 456 473 490 
-1 507 524 492 509 526 494 511 528 496 513 530 498 515 532 500 517 534 502 519 536 504 521 538 506 523 491 508 525 493 510 527 495 512 529 497 514 531 499 516 533 501 518 535 503 520 537 505 522 539 
-1 556 573 541 558 575 543 560 577 545 562 579 547 564 581 549 566 583 551 568 585 553 570 587 555 572 540 557 574 542 559 576 544 561 578 546 563 580 548 565 582 550 567 584 552 569 586 554 571 588 
-1 605 622 590 607 624 592 609 626 594 611 628 596 613 630 598 615 632 600 617 634 602 619 636 604 621 589 606 623 591 608 625 593 610 627 595 612 629 597 614 631 599 616 633 601 618 635 603 620 637 
-1 654 671 639 656 673 641 658 675 643 660 677 645 662 679 647 664 681 649 666 683 651 668 685 653 670 638 655 672 640 657 674 642 659 676 644 661 678 646 663 680 648 665 682 650 667 684 652 669 686 
-1 703 720 688 705 722 690 707 724 692 709 726 694 711 728 696 713 730 698 715 732 700 717 734 702 719 687 704 721 689 706 723 691 708 725 693 710 727 695 712 729 697 714 731 699 716 733 701 718 735 
-1 752 769 737 754 771 739 756 773 741 758 775 743 760 777 745 762 779 747 764 781 749 766 783 751 768 736 753 770 738 755 772 740 757 774 742 759 776 744 761 778 746 763 780 748 765 782 750 767 784 
-1 801 818 786 803 820 788 805 822 790 807 824 792 809 826 794 811 828 796 813 830 798 815 832 800 817 785 802 819 787 804 821 789 806 823 791 808 825 793 810 827 795 812 829 797 814 831 799 816 833 
-1 850 867 835 852 869 837 854 871 839 856 873 841 858 875 843 860 877 845 862 879 847 864 881 849 866 834 851 868 836 853 870 838 855 872 840 857 874 842 859 876 844 861 878 846 863 880 848 865 882 
-1 899 916 884 901 918 886 903 920 888 905 922 890 907 924 892 909 926 894 911 928 896 913 930 898 915 883 900 917 885 902 919 887 904 921 889 906 923 891 908 925 893 910 927 895 912 929 897 914 931 
-1 948 965 933 950 967 935 952 969 937 954 971 939 956 973 941 958 975 943 960 977 945 962 979 947 964 932 949 966 934 951 968 936 953 970 938 955 972 940 957 974 942 959 976 944 961 978 946 963 980 
-1 997 1014 982 999 1016 984 1001 1018 986 1003 1020 988 1005 1022 990 1007 1024 992 1009 1026 994 1011 1028 996 1013 981 998 1015 983 1000 1017 985 1002 1019 987 1004 1021 989 1006 1023 991 1008 1025 993 1010 1027 995 1012 1029 
-1 1046 1063 1031 1048 1065 1033 1050 1067 1035 1052 1069 1037 1054 1071 1039 1056 1073 1041 1058 1075 1043 1060 1077 1045 1062 1030 1047 1064 1032 1049 1066 1034 1051 1068 1036 1053 1070 1038 1055 1072 1040 1057 1074 1042 1059 1076 1044 1061 1078 
-1 1095 1112 1080 1097 1114 1082 1099 1116 1084 1101 1118 1086 1103 1120 1088 1105 1122 1090 1107 1124 1092 1109 1126 1094 1111 1079 1096 1113 1081 1098 1115 1083 1100 1117 1085 1102 1119 1087 1104 1121 1089 1106 1123 1091 1108 1125 1093 1110 1127 
-1 1144 1161 1129 1146 1163 1131 1148 1165 1133 1150 1167 1135 1152 1169 1137 1154 1171 1139 1156 1173 1141 1158 1175 1143 1160 1128 1145 1162 1130 1147 1164 1132 1149 1166 1134 1151 1168 1136 1153 1170 1138 1155 1172 1140 1157 1174 1142 1159 1176 
-1 1193 1210 1178 1195 1212 1180 1197 1214 1182 1199 1216 1184 1201 1218 1186 1203 1220 1188 1205 1222 1190 1207 1224 1192 1209 1177 1194 1211 1179 1196 1213 1181 1198 1215 1183 1200 1217 1185 1202 1219 1187 1204 1221 1189 1206 1223 1191 1208 1225 
-1 1242 1259 1227 1244 1261 1229 1246 1263 1231 1248 1265 1233 1250 1267 1235 1252 1269 1237 1254 1271 1239 1256 1273 1241 1258 1226 1243 1260 1228 1245 1262 1230 1247 1264 1232 1249 1266 1234 1251 1268 1236 1253 1270 1238 1255 1272 1240 1257 1274 
-1 1291 1308 1276 1293 1310 1278 1295 1312 1280 1297 1314 1282 1299 1316 1284 1301 1318 1286 1303 1320 1288 1305 1322 1290 1307 1275 1292 1309 1277 1294 1311 1279 1296 1313 1281 1298 1315 1283 1300 1317 1285 1302 1319 1287 1304 1321 1289 1306 1323 
-1 1340 1357 1325 1342 1359 1327 1344 1361 1329 1346 1363 1331 1348 1365 1333 1350 1367 1335 1352 1369 1337 1354 1371 1339 1356 1324 1341 1358 1326 1343 1360 1328 1345 1362 1330 1347 1364 1332 1349 1366 1334 1351 1368 1336 1353 1370 1338 1355 1372 
-1 1389 1406 1374 1391 1408 1376 1393 1410 1378 1395 1412 1380 1397 1414 1382 1399 1416 1384 1401 1418 1386 1403 1420 1388 1405 1373 1390 1407 1375 1392 1409 1377 1394 1411 1379 1396 1413 1381 1398 1415 1383 1400 1417 1385 1402 1419 1387 1404 1421 
-1 1438 1455 1423 1440 1457 1425 1442 1459 1427 1444 1461 1429 1446 1463 1431 1448 1465 1433 1450 1467 1435 1452 1469 1437 1454 1422 1439 1456 1424 1441 1458 1426 1443 1460 1428 1445 1462 1430 1447 1464 1432 1449 1466 1434 1451 1468 1436 1453 1470 
-1 1487 1504 1472 1489 1506 1474 1491 1508 1476 1493 1510 1478 1495 1512 1480 1497 1514 1482 1499 1516 1484 1501 1518 1486 1503 1471 1488 1505 1473 1490 1507 1475 1492 1509 1477 1494 1511 1479 1496 1513 1481 1498 1515 1483 1500 1517 1485 1502 1519 
-1 1536 1553 1521 1538 1555 1523 1540 1557 1525 1542 1559 1527 1544 1561 1529 1546 1563 1531 1548 1565 1533 1550 1567 1535 1552 1520 1537 1554 1522 1539 1556 1524 1541 1558 1526 1543 1560 1528 1545 1562 1530 1547 1564 1532 1549 1566 1534 1551 1568 
-1 1585 1602 1570 1587 1604 1572 1589 1606 1574 1591 1608 1576 1593 1610 1578 1595 1612 1580 1597 1614 1582 1599 1616 1584 1601 1569 1586 1603 1571 1588 1605 1573 1590 1607 1575 1592 1609 1577 1594 1611 1579 1596 1613 1581 1598 1615 1583 1600 1617 
-1 1634 1651 1619 1636 1653 1621 1638 1655 1623 1640 1657 1625 1642 1659 1627 1644 1661 1629 1646 1663 1631 1648 1665 1633 1650 1618 1635 1652 1620 1637 1654 1622 1639 1656 1624 1641 1658 1626 1643 1660 1628 1645 1662 1630 1647 1664 1632 1649 1666 
-1 1683 1700 1668 1685 1702 1670 1687 1704 1672 1689 1706 1674 1691 1708 1676 1693 1710 1678 1695 1712 1680 1697 1714 1682 1699 1667 1684 1701 1669 1686 1703 1671 1688 1705 1673 1690 1707 1675 1692 1709 1677 1694 1711 1679 1696 1713 1681 1698 1715 
-1 1732 1749 1717 1734 1751 1719 1736 1753 1721 1738 1755 1723 1740 1757 1725 1742 1759 1727 1744 1761 1729 1746 1763 1731 1748 1716 1733 1750 1718 1735 1752 1720 1737 1754 1722 1739 1756 1724 1741 1758 1726 1743 1760 1728 1745 1762 1730 1747 1764 
-1 1781 1798 1766 1783 1800 1768 1785 1802 1770 1787 1804 1772 1789 1806 1774 1791 1808 1776 1793 1810 1778 1795 1812 1780 1797 1765 1782 1799 1767 1784 1801 1769 1786 1803 1771 1788 1805 1773 1790 1807 1775 1792 1809 1777 1794 1811 1779 1796 1813 
-1 1830 1847 1815 1832 1849 1817 1834 1851 1819 1836 1853 1821 1838 1855 1823 1840 1857 1825 1842 1859 1827 1844 1861 1829 1846 1814 1831 1848 1816 1833 1850 1818 1835 1852 1820 1837 1854 1822 1839 1856 1824 1841 1858 1826 1843 1860 1828 1845 1862 
-1 1879 1896 1864 1881 1898 1866 1883 1900 1868 1885 1902 1870 1887 1904 1872 1889 1906 1874 1891 1908 1876 1893 1910 1878 1895 1863 1880 1897 1865 1882 1899 1867 1884 1901 1869 1886 1903 1871 1888 1905 1873 1890 1907 1875 1892 1909 1877 1894 1911 
-1 1928 1945 1913 1930 1947 1915 1932 1949 1917 1934 1951 1919 1936 1953 1921 1938 1955 1923 1940 1957 1925 1942 1959 1927 1944 1912 1929 1946 1914 1931 1948 1916 1933 1950 1918 1935 1952 1920 1937 1954 1922 1939 1956 1924 1941 1958 1926 1943 1960 
-1 1977 1994 1962 1979 1996 1964 1981 1998 1966 1983 2000 1968 1985 2002 1970 1987 2004 1972 1989 2006 1974 1991 2008 1976 1993 1961 1978 1995 1963 1980 1997 1965 1982 1999 1967 1984 2001 1969 1986 2003 1971 1988 2005 1973 1990 2007 1975 1992 2009 
-1 2026 2043 2011 2028 2045 2013 2030 2047 2015 2032 2049 2017 2034 2051 2019 2036 2053 2021 2038 2055 2023 2040 2057 2025 2042 2010 2027 2044 2012 2029 2046 2014 2031 2048 2016 2033 2050 2018 2035 2052 2020 2037 2054 2022 2039 2056 2024 2041 2058 
-1 2075 2092 2060 2077 2094 2062 2079 2096 2064 2081 2098 2066 2083 2100 2068 2085 2102 2070 2087 2104 2072 2089 2106 2074 2091 2059 2076 2093 2061 2078 2095 2063 2080 2097 2065 2082 2099 2067 2084 2101 2069 2086 2103 2071 2088 2105 2073 2090 2107 
-1 2124 2141 2109 2126 2143 2111 2128 2145 2113 2130 2147 2115 2132 2149 2117 2134 2151 2119 2136 2153 2121 2138 2155 2123 2140 2108 2125 2142 2110 2127 2144 2112 2129 2146 2114 2131 2148 2116 2133 2150 2118 2135 2152 2120 2137 2154 2122 2139 2156 
-1 2173 2190 2158 2175 2192 2160 2177 2194 2162 2179 2196 2164 2181 2198 2166 2183 2200 2168 2185 2202 2170 2187 2204 2172 2189 2157 2174 2191 2159 2176 2193 2161 2178 2195 2163 2180 2197 2165 2182 2199 2167 2184 2201 2169 2186 2203 2171 2188 2205 
-1 2222 2239 2207 2224 2241 2209 2226 2243 2211 2228 2245 2213 2230 2247 2215 2232 2249 2217 2234 2251 2219 2236 2253 2221 2238 2206 2223 2240 2208 2225 2242 2210 2227 2244 2212 2229 2246 2214 2231 2248 2216 2233 2250 2218 2235 2252 2220 2237 2254 
-1 2271 2288 2256 2273 2290 2258 2275 2292 2260 2277 2294 2262 2279 2296 2264 2281 2298 2266 2283 2300 2268 2285 2302 2270 2287 2255 2272 2289 2257 2274 2291 2259 2276 2293 2261 2278 2295 2263 2280 2297 2265 2282 2299 2267 2284 2301 2269 2286 2303 
-1 2320 2337 2305 2322 2339 2307 2324 2341 2309 2326 2343 2311 2328 2345 2313 2330 2347 2315 2332 2349 2317 2334 2351 2319 2336 2304 2321 2338 2306 2323 2340 2308 2325 2342 2310 2327 2344 2312 2329 2346 2314 2331 2348 2316 2333 2350 2318 2335 2352 
-1 2369 2386 2354 2371 2388 2356 2373 2390 2358 2375 2392 2360 2377 2394 2362 2379 2396 2364 2381 2398 2366 2383 2400 2368 2385 2353 2370 2387 2355 2372 2389 2357 2374 2391 2359 2376 2393 2361 2378 2395 2363 2380 2397 2365 2382 2399 2367 2384 2401 
-1 2418 2435 2403 2420 2437 2405 2422 2439 2407 2424 2441 2409 2426 2443 2411 2428 2445 2413 2430 2447 2415 2432 2449 2417 2434 2402 2419 2436 2404 2421 2438 2406 2423 2440 2408 2425 2442 2410 2427 2444 2412 2429 2446 2414 2431 2448 2416 2433 2450 
